0.500000 0.000000
0.500000 0.163000
0.460000 0.326000
0.385623 0.477793
0.285580 0.611396
0.168877 0.724358
0.042880 0.817423
-0.087222 0.892883
-0.218105 0.953439
-0.347780 1.001630
-0.475124 1.039630
-0.599550 1.069227
-0.720795 1.091862
-0.838785 1.108694
-0.953557 1.120650
-1.065207 1.128480
-1.173864 1.132792
-1.279670 1.134084
-1.382773 1.132767
-1.483316 1.129182
-1.581437 1.123613
-1.677269 1.116301
-1.770936 1.107450
-1.862551 1.097235
-1.952223 1.085804
-2.040051 1.073286
-2.126128 1.059795
-2.210539 1.045428
-2.293364 1.030270
-2.374678 1.014397
-2.454548 0.997876
-2.533040 0.980765
-2.610212 0.963119
-2.686120 0.944982
-2.760816 0.926399
-2.834348 0.907406
-2.906763 0.888039
-2.978102 0.868327
-3.048406 0.848298
-3.117713 0.827979
-3.186057 0.807392
-3.253472 0.786559
-3.319990 0.765498
-3.385641 0.744227
-3.450452 0.722763
-3.514450 0.701120
-3.577661 0.679312
-3.640108 0.657351
-3.701814 0.635251
-3.762801 0.613020
-3.823090 0.590669
-3.882699 0.568208
-3.941648 0.545644
-3.999955 0.522987
-4.057635 0.500243
-4.114707 0.477419
-4.171185 0.454522
-4.227084 0.431558
-4.282418 0.408533
-4.337201 0.385451
-4.391446 0.362318
-4.445166 0.339138
-4.498372 0.315916
-4.551077 0.292655
-4.603292 0.269360
-4.655026 0.246035
-4.706291 0.222681
-4.757096 0.199304
-4.807452 0.175905
-4.857367 0.152488
-4.906849 0.129055
-4.955909 0.105608
-5.004554 0.082151
-5.052792 0.058685
-5.100631 0.035213
-5.148078 0.011736
-5.195141 -0.011744
-5.241826 -0.035225
-5.288141 -0.058704
-5.334092 -0.082182
-5.379686 -0.105655
-5.424928 -0.129123
-5.469825 -0.152584
-5.514382 -0.176037
-5.558606 -0.199481
-5.602501 -0.222914
-5.646073 -0.246336
-5.689328 -0.269745
-5.732269 -0.293140
-5.774903 -0.316521
-5.817233 -0.339886
-5.859265 -0.363235
-5.901003 -0.386567
-5.942452 -0.409880
-5.983615 -0.433175
-6.024497 -0.456451
-6.065101 -0.479707
-6.105433 -0.502942
-6.145495 -0.526155
-6.185292 -0.549347
-6.224827 -0.572516
-6.264103 -0.595663
-6.303125 -0.618786
-6.341895 -0.641885
-6.380417 -0.664959
-6.418695 -0.688009
-6.456730 -0.711034
-6.494527 -0.734033
-6.532088 -0.757006
-6.569417 -0.779953
-6.606516 -0.802873
-6.643388 -0.825767
-6.680036 -0.848633
-6.716463 -0.871471
-6.752671 -0.894282
-6.788663 -0.917065
-6.824440 -0.939819
-6.860007 -0.962545
-6.895365 -0.985242
-6.930517 -1.007911
-6.965465 -1.030550
-7.000210 -1.053159
-7.034757 -1.075739
-7.069106 -1.098290
-7.103260 -1.120811
-7.137220 -1.143301
-7.170990 -1.165762
-7.204571 -1.188192
-7.237965 -1.210592
-7.271173 -1.232961
-7.304199 -1.255300
-7.337043 -1.277608
-7.369708 -1.299885
-7.402195 -1.322131
-7.434506 -1.344346
-7.466644 -1.366530
-7.498609 -1.388683
-7.530403 -1.410805
-7.562028 -1.432895
-7.593485 -1.454954
-7.624777 -1.476982
-7.655905 -1.498978
-7.686869 -1.520942
-7.717673 -1.542875
-7.748316 -1.564776
-7.778802 -1.586646
-7.809130 -1.608484
-7.839303 -1.630291
-7.869322 -1.652065
-7.899189 -1.673808
-7.928903 -1.695519
-7.958468 -1.717198
-7.987884 -1.738846
-8.017153 -1.760461
-8.046275 -1.782045
-8.075253 -1.803597
-8.104087 -1.825117
-8.132778 -1.846605
-8.161327 -1.868062
-8.189737 -1.889486
-8.218008 -1.910879
-8.246140 -1.932240
-8.274136 -1.953569
-8.301996 -1.974867
-8.329721 -1.996132
-8.357313 -2.017366
-8.384772 -2.038568
-8.412100 -2.059738
-8.439297 -2.080877
-8.466365 -2.101983
-8.493304 -2.123058
-8.520116 -2.144102
-8.546801 -2.165114
-8.573360 -2.186094
-8.599795 -2.207043
-8.626106 -2.227960
-8.652294 -2.248845
-8.678360 -2.269699
-8.704305 -2.290522
-8.730130 -2.311313
-8.755835 -2.332072
-8.781422 -2.352801
-8.806891 -2.373498
-8.832244 -2.394163
-8.857480 -2.414798
-8.882601 -2.435401
-8.907607 -2.455973
-8.932500 -2.476513
-8.957280 -2.497023
-8.981948 -2.517502
-9.006504 -2.537949
-9.030950 -2.558365
-9.055286 -2.578751
-9.079512 -2.599105
-9.103630 -2.619429
-9.127641 -2.639722
-9.151544 -2.659984
-9.175341 -2.680215
-9.199032 -2.700415
-9.222618 -2.720585
-9.246099 -2.740724
-9.269477 -2.760833
-9.292752 -2.780911
-9.315924 -2.800958
-9.338995 -2.820975
-9.361964 -2.840962
-9.384833 -2.860918
-9.407602 -2.880844
-9.430271 -2.900739
-9.452842 -2.920605
-9.475314 -2.940440
-9.497689 -2.960245
-9.519967 -2.980019
-9.542148 -2.999764
-9.564234 -3.019479
-9.586224 -3.039164
-9.608119 -3.058819
-9.629920 -3.078443
-9.651627 -3.098039
-9.673241 -3.117604
-9.694763 -3.137139
-9.716192 -3.156645
-9.737530 -3.176122
-9.758776 -3.195568
-9.779932 -3.214985
-9.800998 -3.234373
-9.821974 -3.253731
-9.842861 -3.273060
-9.863660 -3.292359
-9.884370 -3.311629
-9.904992 -3.330869
-9.925527 -3.350081
-9.945976 -3.369263
-9.966338 -3.388416
-9.986614 -3.407540
-10.006805 -3.426635
-10.026910 -3.445701
-10.046931 -3.464738
-10.066868 -3.483746
-10.086722 -3.502726
-10.106492 -3.521676
-10.126179 -3.540598
-10.145784 -3.559491
-10.165306 -3.578355
-10.184747 -3.597190
-10.204107 -3.615997
-10.223386 -3.634776
-10.242585 -3.653526
-10.261704 -3.672247
-10.280742 -3.690941
-10.299702 -3.709605
-10.318583 -3.728242
-10.337385 -3.746850
-10.356109 -3.765430
-10.374756 -3.783981
-10.393325 -3.802505
-10.411817 -3.821001
-10.430232 -3.839468
-10.448571 -3.857907
-10.466834 -3.876319
-10.485021 -3.894702
-10.503133 -3.913058
-10.521171 -3.931386
-10.539133 -3.949686
-10.557022 -3.967958
-10.574836 -3.986203
-10.592577 -4.004420
-10.610244 -4.022609
-10.627839 -4.040771
-10.645361 -4.058905
-10.662811 -4.077012
-10.680188 -4.095091
-10.697494 -4.113143
-10.714729 -4.131167
-10.731893 -4.149165
-10.748985 -4.167135
-10.766008 -4.185077
-10.782960 -4.202993
-10.799843 -4.220881
-10.816655 -4.238742
-10.833399 -4.256576
-10.850073 -4.274383
-10.866679 -4.292164
-10.883217 -4.309917
-10.899686 -4.327643
-10.916088 -4.345342
-10.932421 -4.363015
-10.948688 -4.380661
-10.964888 -4.398280
-10.981020 -4.415872
-10.997087 -4.433437
-11.013087 -4.450976
-11.029021 -4.468489
-11.044889 -4.485975
-11.060692 -4.503434
-11.076430 -4.520867
-11.092103 -4.538273
-11.107711 -4.555653
-11.123254 -4.573007
-11.138734 -4.590334
-11.154149 -4.607635
-11.169501 -4.624910
-11.184789 -4.642158
-11.200015 -4.659381
-11.215177 -4.676577
-11.230276 -4.693747
-11.245313 -4.710891
-11.260288 -4.728009
-11.275200 -4.745101
-11.290051 -4.762167
-11.304840 -4.779207
-11.319568 -4.796221
-11.334235 -4.813210
-11.348840 -4.830172
-11.363386 -4.847109
-11.377870 -4.864020
-11.392294 -4.880906
-11.406659 -4.897765
-11.420963 -4.914599
-11.435208 -4.931408
-11.449393 -4.948191
-11.463519 -4.964948
-11.477586 -4.981680
-11.491595 -4.998386
-11.505544 -5.015067
-11.519436 -5.031723
-11.533269 -5.048353
-11.547044 -5.064958
-11.560761 -5.081537
-11.574421 -5.098092
-11.588024 -5.114621
-11.601569 -5.131125
-11.615057 -5.147603
-11.628488 -5.164057
-11.641863 -5.180485
-11.655181 -5.196889
-11.668443 -5.213267
-11.681649 -5.229620
-11.694799 -5.245949
-11.707893 -5.262252
-11.720932 -5.278531
-11.733915 -5.294784
-11.746843 -5.311013
-11.759716 -5.327217
-11.772535 -5.343396
-11.785298 -5.359551
-11.798007 -5.375680
-11.810662 -5.391785
-11.823263 -5.407866
-11.835810 -5.423921
-11.848303 -5.439952
-11.860742 -5.455959
-11.873128 -5.471941
-11.885461 -5.487898
-11.897740 -5.503831
-11.909967 -5.519740
-11.922140 -5.535624
-11.934261 -5.551483
-11.946330 -5.567319
-11.958346 -5.583130
-11.970310 -5.598916
-11.982222 -5.614679
-11.994082 -5.630417
-12.005890 -5.646130
-12.017647 -5.661820
-12.029353 -5.677485
-12.041007 -5.693127
-12.052610 -5.708744
-12.064162 -5.724337
-12.075663 -5.739906
-12.087114 -5.755451
-12.098514 -5.770972
-12.109864 -5.786469
-12.121163 -5.801942
-12.132412 -5.817391
-12.143612 -5.832816
-12.154761 -5.848217
-12.165861 -5.863595
-12.176912 -5.878948
-12.187913 -5.894278
-12.198865 -5.909584
-12.209767 -5.924867
-12.220621 -5.940125
-12.231426 -5.955360
-12.242182 -5.970571
-12.252890 -5.985759
-12.263549 -6.000922
-12.274159 -6.016063
-12.284722 -6.031179
-12.295237 -6.046272
-12.305703 -6.061342
-12.316122 -6.076388
-12.326493 -6.091411
-12.336817 -6.106410
-12.347093 -6.121386
-12.357322 -6.136338
-12.367503 -6.151267
-12.377638 -6.166172
-12.387726 -6.181055
-12.397767 -6.195914
-12.407761 -6.210749
-12.417709 -6.225561
-12.427610 -6.240351
-12.437465 -6.255116
-12.447273 -6.269859
-12.457036 -6.284578
-12.466752 -6.299275
-12.476423 -6.313948
-12.486048 -6.328598
-12.495628 -6.343225
-12.505161 -6.357829
-12.514650 -6.372410
-12.524093 -6.386967
-12.533491 -6.401502
-12.542844 -6.416014
-12.552152 -6.430503
-12.561415 -6.444969
-12.570633 -6.459412
-12.579807 -6.473832
-12.588936 -6.488229
-12.598021 -6.502603
-12.607061 -6.516955
-12.616057 -6.531284
-12.625009 -6.545590
-12.633917 -6.559873
-12.642782 -6.574133
-12.651602 -6.588371
-12.660379 -6.602585
-12.669112 -6.616778
-12.677801 -6.630947
-12.686448 -6.645094
-12.695051 -6.659218
-12.703610 -6.673320
-12.712127 -6.687399
-12.720601 -6.701455
-12.729032 -6.715489
-12.737420 -6.729500
-12.745765 -6.743489
-12.754067 -6.757455
-12.762328 -6.771399
-12.770545 -6.785320
-12.778721 -6.799219
-12.786854 -6.813095
-12.794945 -6.826949
-12.802994 -6.840781
-12.811001 -6.854590
-12.818966 -6.868377
-12.826890 -6.882141
-12.834772 -6.895884
-12.842612 -6.909603
-12.850411 -6.923301
-12.858168 -6.936976
-12.865884 -6.950629
-12.873558 -6.964260
-12.881192 -6.977868
-12.888785 -6.991455
-12.896336 -7.005019
-12.903847 -7.018561
-12.911317 -7.032081
-12.918746 -7.045578
-12.926134 -7.059054
-12.933482 -7.072507
-12.940790 -7.085938
-12.948057 -7.099348
-12.955284 -7.112735
-12.962471 -7.126100
-12.969617 -7.139443
-12.976724 -7.152764
-12.983790 -7.166063
-12.990817 -7.179340
-12.997804 -7.192595
-13.004751 -7.205828
-13.011658 -7.219040
-13.018526 -7.232229
-13.025354 -7.245396
-13.032143 -7.258542
-13.038893 -7.271665
-13.045603 -7.284767
-13.052274 -7.297847
-13.058907 -7.310905
-13.065500 -7.323941
-13.072054 -7.336955
-13.078569 -7.349948
-13.085045 -7.362919
-13.091483 -7.375868
-13.097882 -7.388795
-13.104242 -7.401701
-13.110564 -7.414585
-13.116848 -7.427447
-13.123093 -7.440287
-13.129299 -7.453106
-13.135468 -7.465903
-13.141598 -7.478678
-13.147691 -7.491432
-13.153745 -7.504164
-13.159761 -7.516875
-13.165740 -7.529564
-13.171681 -7.542231
-13.177584 -7.554877
-13.183449 -7.567501
-13.189277 -7.580103
-13.195067 -7.592685
-13.200819 -7.605244
-13.206535 -7.617782
-13.212213 -7.630299
-13.217853 -7.642794
-13.223457 -7.655267
-13.229023 -7.667719
-13.234552 -7.680150
-13.240045 -7.692559
-13.245500 -7.704946
-13.250918 -7.717313
-13.256300 -7.729658
-13.261645 -7.741981
-13.266953 -7.754283
-13.272225 -7.766564
-13.277460 -7.778823
-13.282658 -7.791061
-13.287820 -7.803278
-13.292946 -7.815473
-13.298036 -7.827647
-13.303089 -7.839799
-13.308106 -7.851931
-13.313087 -7.864041
-13.318031 -7.876130
-13.322940 -7.888197
-13.327813 -7.900243
-13.332650 -7.912268
-13.337451 -7.924272
-13.342216 -7.936254
-13.346946 -7.948216
-13.351639 -7.960156
-13.356298 -7.972075
-13.360921 -7.983972
-13.365508 -7.995849
-13.370060 -8.007704
-13.374576 -8.019538
-13.379057 -8.031351
-13.383503 -8.043143
-13.387914 -8.054914
-13.392289 -8.066663
-13.396630 -8.078392
-13.400935 -8.090099
-13.405205 -8.101785
-13.409441 -8.113450
-13.413641 -8.125094
-13.417807 -8.136717
-13.421938 -8.148319
-13.426034 -8.159900
-13.430095 -8.171460
-13.434122 -8.182999
-13.438115 -8.194517
-13.442073 -8.206013
-13.445996 -8.217489
-13.449885 -8.228944
-13.453739 -8.240377
-13.457560 -8.251790
-13.461346 -8.263182
-13.465098 -8.274553
-13.468815 -8.285902
-13.472499 -8.297231
-13.476148 -8.308539
-13.479764 -8.319826
-13.483345 -8.331092
-13.486893 -8.342337
-13.490406 -8.353561
-13.493886 -8.364764
-13.497333 -8.375947
-13.500745 -8.387108
-13.504124 -8.398248
-13.507469 -8.409368
-13.510780 -8.420467
-13.514058 -8.431545
-13.517303 -8.442602
-13.520514 -8.453638
-13.523692 -8.464653
-13.526836 -8.475647
-13.529947 -8.486621
-13.533025 -8.497574
-13.536069 -8.508506
-13.539081 -8.519417
-13.542059 -8.530307
-13.545004 -8.541176
-13.547916 -8.552025
-13.550796 -8.562853
-13.553642 -8.573660
-13.556455 -8.584446
-13.559236 -8.595212
-13.561983 -8.605956
-13.564698 -8.616680
-13.567381 -8.627383
-13.570030 -8.638066
-13.572647 -8.648727
-13.575231 -8.659368
-13.577783 -8.669988
-13.580302 -8.680588
-13.582789 -8.691166
-13.585243 -8.701724
-13.587665 -8.712261
-13.590054 -8.722778
-13.592412 -8.733274
-13.594737 -8.743749
-13.597029 -8.754203
-13.599290 -8.764636
-13.601518 -8.775049
-13.603714 -8.785442
-13.605879 -8.795813
-13.608011 -8.806164
-13.610111 -8.816494
-13.612179 -8.826804
-13.614215 -8.837092
-13.616220 -8.847361
-13.618192 -8.857608
-13.620133 -8.867835
-13.622042 -8.878041
-13.623919 -8.888226
-13.625765 -8.898391
-13.627579 -8.908535
-13.629361 -8.918659
-13.631112 -8.928762
-13.632831 -8.938844
-13.634519 -8.948906
-13.636175 -8.958947
-13.637800 -8.968967
-13.639393 -8.978967
-13.640955 -8.988946
-13.642486 -8.998904
-13.643985 -9.008842
-13.645454 -9.018759
-13.646891 -9.028656
-13.648296 -9.038532
-13.649671 -9.048388
-13.651014 -9.058222
-13.652327 -9.068037
-13.653608 -9.077830
-13.654859 -9.087603
-13.656078 -9.097356
-13.657267 -9.107088
-13.658424 -9.116799
-13.659551 -9.126489
-13.660647 -9.136159
-13.661712 -9.145809
-13.662746 -9.155438
-13.663749 -9.165046
-13.664722 -9.174634
-13.665664 -9.184201
-13.666576 -9.193748
-13.667457 -9.203274
-13.668307 -9.212779
-13.669127 -9.222264
-13.669916 -9.231728
-13.670674 -9.241172
-13.671403 -9.250595
-13.672101 -9.259998
-13.672768 -9.269380
-13.673405 -9.278741
-13.674012 -9.288082
-13.674588 -9.297402
-13.675134 -9.306702
-13.675650 -9.315981
-13.676136 -9.325240
-13.676591 -9.334478
-13.677017 -9.343695
-13.677412 -9.352892
-13.677777 -9.362069
-13.678112 -9.371225
-13.678417 -9.380360
-13.678692 -9.389475
-13.678937 -9.398569
-13.679152 -9.407642
-13.679338 -9.416695
-13.679493 -9.425728
-13.679618 -9.434740
-13.679714 -9.443731
-13.679780 -9.452702
-13.679816 -9.461652
-13.679822 -9.470582
-13.679798 -9.479491
-13.679745 -9.488379
-13.679662 -9.497247
-13.679550 -9.506095
-13.679408 -9.514922
-13.679236 -9.523728
-13.679035 -9.532514
-13.678804 -9.541279
-13.678543 -9.550023
-13.678254 -9.558747
-13.677934 -9.567451
-13.677586 -9.576134
-13.677207 -9.584796
-13.676800 -9.593438
-13.676363 -9.602059
-13.675897 -9.610660
-13.675401 -9.619240
-13.674876 -9.627799
-13.674322 -9.636338
-13.673739 -9.644856
-13.673127 -9.653354
-13.672485 -9.661831
-13.671814 -9.670287
-13.671114 -9.678723
-13.670385 -9.687139
-13.669627 -9.695533
-13.668839 -9.703908
-13.668023 -9.712261
-13.667178 -9.720594
-13.666303 -9.728906
-13.665400 -9.737198
-13.664468 -9.745469
-13.663507 -9.753720
-13.662517 -9.761950
-13.661498 -9.770159
-13.660450 -9.778348
-13.659373 -9.786516
-13.658268 -9.794663
-13.657133 -9.802790
-13.655970 -9.810896
-13.654779 -9.818982
-13.653558 -9.827046
-13.652309 -9.835091
-13.651031 -9.843114
-13.649725 -9.851117
-13.648390 -9.859100
-13.647026 -9.867061
-13.645633 -9.875002
-13.644212 -9.882923
-13.642763 -9.890822
-13.641285 -9.898701
-13.639778 -9.906560
-13.638243 -9.914397
-13.636680 -9.922214
-13.635088 -9.930011
-13.633467 -9.937786
-13.631819 -9.945541
-13.630141 -9.953276
-13.628436 -9.960989
-13.626702 -9.968682
-13.624940 -9.976354
-13.623149 -9.984005
-13.621330 -9.991636
-13.619483 -9.999246
-13.617608 -10.006835
-13.615704 -10.014404
-13.613772 -10.021952
-13.611812 -10.029479
-13.609824 -10.036985
-13.607808 -10.044471
-13.605763 -10.051935
-13.603691 -10.059379
-13.601590 -10.066803
-13.599461 -10.074205
-13.597304 -10.081587
-13.595119 -10.088948
-13.592906 -10.096288
-13.590665 -10.103607
-13.588396 -10.110906
-13.586099 -10.118184
-13.583774 -10.125441
-13.581421 -10.132677
-13.579040 -10.139892
-13.576631 -10.147087
-13.574195 -10.154260
-13.571730 -10.161413
-13.569238 -10.168545
-13.566718 -10.175656
-13.564170 -10.182746
-13.561594 -10.189816
-13.558990 -10.196864
-13.556358 -10.203892
-13.553699 -10.210899
-13.551012 -10.217885
-13.548297 -10.224850
-13.545555 -10.231794
-13.542785 -10.238717
-13.539987 -10.245619
-13.537161 -10.252501
-13.534308 -10.259361
-13.531427 -10.266200
-13.528519 -10.273019
-13.525583 -10.279817
-13.522619 -10.286593
-13.519628 -10.293349
-13.516609 -10.300084
-13.513563 -10.306797
-13.510489 -10.313490
-13.507387 -10.320162
-13.504258 -10.326812
-13.501102 -10.333442
-13.497918 -10.340051
-13.494706 -10.346638
-13.491467 -10.353205
-13.488201 -10.359751
-13.484907 -10.366275
-13.481586 -10.372779
-13.478238 -10.379261
-13.474862 -10.385722
-13.471458 -10.392163
-13.468027 -10.398582
-13.464569 -10.404980
-13.461084 -10.411357
-13.457571 -10.417713
-13.454031 -10.424047
-13.450464 -10.430361
-13.446869 -10.436653
-13.443247 -10.442925
-13.439598 -10.449175
-13.435922 -10.455404
-13.432218 -10.461612
-13.428487 -10.467798
-13.424729 -10.473964
-13.420944 -10.480108
-13.417131 -10.486231
-13.413291 -10.492332
-13.409424 -10.498413
-13.405530 -10.504472
-13.401609 -10.510510
-13.397661 -10.516527
-13.393685 -10.522522
-13.389683 -10.528496
-13.385653 -10.534449
-13.381596 -10.540381
-13.377513 -10.546291
-13.373402 -10.552180
-13.369264 -10.558048
-13.365099 -10.563894
-13.360906 -10.569719
-13.356687 -10.575522
-13.352441 -10.581305
-13.348168 -10.587065
-13.343868 -10.592805
-13.339541 -10.598523
-13.335187 -10.604219
-13.330806 -10.609894
-13.326397 -10.615548
-13.321962 -10.621180
-13.317501 -10.626791
-13.313012 -10.632380
-13.308496 -10.637948
-13.303953 -10.643494
-13.299383 -10.649019
-13.294787 -10.654522
-13.290163 -10.660004
-13.285513 -10.665464
-13.280836 -10.670903
-13.276132 -10.676320
-13.271401 -10.681715
-13.266643 -10.687089
-13.261858 -10.692442
-13.257047 -10.697772
-13.252209 -10.703081
-13.247344 -10.708369
-13.242452 -10.713634
-13.237533 -10.718879
-13.232588 -10.724101
-13.227615 -10.729302
-13.222616 -10.734481
-13.217590 -10.739638
-13.212538 -10.744773
-13.207458 -10.749887
-13.202352 -10.754979
-13.197219 -10.760050
-13.192060 -10.765098
-13.186873 -10.770125
-13.181660 -10.775130
-13.176421 -10.780113
-13.171154 -10.785074
-13.165861 -10.790014
-13.160541 -10.794931
-13.155195 -10.799827
-13.149821 -10.804701
-13.144421 -10.809553
-13.138995 -10.814383
-13.133541 -10.819191
-13.128061 -10.823977
-13.122555 -10.828741
-13.117022 -10.833483
-13.111462 -10.838203
-13.105875 -10.842901
-13.100262 -10.847577
-13.094622 -10.852232
-13.088956 -10.856864
-13.083263 -10.861474
-13.077543 -10.866062
-13.071797 -10.870627
-13.066024 -10.875171
-13.060224 -10.879693
-13.054398 -10.884192
-13.048546 -10.888670
-13.042666 -10.893125
-13.036761 -10.897558
-13.030828 -10.901969
-13.024869 -10.906357
-13.018884 -10.910723
-13.012871 -10.915068
-13.006833 -10.919389
-13.000768 -10.923689
-12.994676 -10.927966
-12.988557 -10.932221
-12.982412 -10.936454
-12.976241 -10.940664
-12.970043 -10.944852
-12.963818 -10.949017
-12.957567 -10.953161
-12.951290 -10.957281
-12.944986 -10.961380
-12.938655 -10.965456
-12.932298 -10.969509
-12.925914 -10.973540
-12.919504 -10.977548
-12.913067 -10.981534
-12.906604 -10.985498
-12.900114 -10.989439
-12.893598 -10.993357
-12.887055 -10.997253
-12.880486 -11.001126
-12.873890 -11.004976
-12.867268 -11.008804
-12.860619 -11.012609
-12.853944 -11.016392
-12.847242 -11.020152
-12.840514 -11.023889
-12.833759 -11.027603
-12.826978 -11.031295
-12.820170 -11.034964
-12.813336 -11.038610
-12.806475 -11.042233
-12.799588 -11.045834
-12.792674 -11.049412
-12.785734 -11.052966
-12.778767 -11.056498
-12.771774 -11.060007
-12.764754 -11.063494
-12.757708 -11.066957
-12.750636 -11.070397
-12.743537 -11.073814
-12.736411 -11.077209
-12.729259 -11.080580
-12.722080 -11.083928
-12.714875 -11.087253
-12.707644 -11.090555
-12.700386 -11.093834
-12.693101 -11.097090
-12.685790 -11.100323
-12.678453 -11.103533
-12.671089 -11.106719
-12.663699 -11.109882
-12.656282 -11.113022
-12.648838 -11.116139
-12.641369 -11.119233
-12.633872 -11.122303
-12.626349 -11.125350
-12.618800 -11.128374
-12.611224 -11.131374
-12.603622 -11.134351
-12.595993 -11.137304
-12.588338 -11.140234
-12.580656 -11.143141
-12.572947 -11.146024
-12.565213 -11.148884
-12.557451 -11.151720
-12.549663 -11.154533
-12.541849 -11.157322
-12.534008 -11.160088
-12.526141 -11.162830
-12.518247 -11.165548
-12.510326 -11.168243
-12.502380 -11.170914
-12.494406 -11.173562
-12.486406 -11.176186
-12.478380 -11.178786
-12.470326 -11.181362
-12.462247 -11.183915
-12.454141 -11.186443
-12.446008 -11.188948
-12.437849 -11.191429
-12.429663 -11.193886
-12.421451 -11.196320
-12.413212 -11.198729
-12.404946 -11.201115
-12.396654 -11.203476
-12.388336 -11.205813
-12.379991 -11.208127
-12.371619 -11.210416
-12.363221 -11.212682
-12.354796 -11.214923
-12.346344 -11.217140
-12.337866 -11.219333
-12.329361 -11.221502
-12.320830 -11.223647
-12.312272 -11.225767
-12.303688 -11.227863
-12.295076 -11.229935
-12.286439 -11.231983
-12.277774 -11.234006
-12.269083 -11.236005
-12.260366 -11.237980
-12.251621 -11.239930
-12.242850 -11.241856
-12.234053 -11.243757
-12.225228 -11.245634
-12.216378 -11.247486
-12.207500 -11.249314
-12.198596 -11.251117
-12.189665 -11.252896
-12.180707 -11.254650
-12.171723 -11.256379
-12.162712 -11.258084
-12.153674 -11.259764
-12.144609 -11.261419
-12.135518 -11.263049
-12.126400 -11.264655
-12.117255 -11.266236
-12.108084 -11.267792
-12.098886 -11.269323
-12.089661 -11.270829
-12.080409 -11.272311
-12.071131 -11.273767
-12.061825 -11.275198
-12.052493 -11.276605
-12.043134 -11.277986
-12.033749 -11.279342
-12.024336 -11.280673
-12.014897 -11.281979
-12.005431 -11.283260
-11.995938 -11.284516
-11.986418 -11.285746
-11.976871 -11.286951
-11.967298 -11.288131
-11.957697 -11.289286
-11.948070 -11.290415
-11.938416 -11.291519
-11.928735 -11.292597
-11.919027 -11.293650
-11.909292 -11.294677
-11.899530 -11.295679
-11.889741 -11.296656
-11.879926 -11.297606
-11.870083 -11.298532
-11.860214 -11.299431
-11.850317 -11.300305
-11.840393 -11.301153
-11.830443 -11.301976
-11.820465 -11.302772
-11.810461 -11.303543
-11.800429 -11.304288
-11.790371 -11.305007
-11.780285 -11.305701
-11.770172 -11.306368
-11.760033 -11.307009
-11.749866 -11.307624
-11.739672 -11.308214
-11.729451 -11.308777
-11.719203 -11.309314
-11.708927 -11.309825
-11.698625 -11.310310
-11.688296 -11.310768
-11.677939 -11.311201
-11.667555 -11.311607
-11.657144 -11.311986
-11.646706 -11.312340
-11.636241 -11.312667
-11.625748 -11.312967
-11.615228 -11.313241
-11.604681 -11.313489
-11.594107 -11.313710
-11.583505 -11.313904
-11.572876 -11.314072
-11.562220 -11.314213
-11.551537 -11.314328
-11.540826 -11.314415
-11.530088 -11.314476
-11.519323 -11.314511
-11.508530 -11.314518
-11.497710 -11.314498
-11.486862 -11.314452
-11.475987 -11.314379
-11.465085 -11.314278
-11.454155 -11.314151
-11.443198 -11.313996
-11.432214 -11.313815
-11.421202 -11.313606
-11.410162 -11.313370
-11.399095 -11.313107
-11.388001 -11.312816
-11.376879 -11.312498
-11.365729 -11.312153
-11.354552 -11.311781
-11.343347 -11.311381
-11.332115 -11.310953
-11.320855 -11.310499
-11.309568 -11.310016
-11.298253 -11.309506
-11.286910 -11.308968
-11.275539 -11.308403
-11.264141 -11.307810
-11.252716 -11.307189
-11.241262 -11.306540
-11.229781 -11.305863
-11.218272 -11.305159
-11.206735 -11.304427
-11.195171 -11.303666
-11.183579 -11.302878
-11.171959 -11.302061
-11.160311 -11.301217
-11.148635 -11.300344
-11.136932 -11.299443
-11.125200 -11.298514
-11.113441 -11.297556
-11.101654 -11.296570
-11.089839 -11.295556
-11.077996 -11.294513
-11.066125 -11.293442
-11.054226 -11.292343
-11.042299 -11.291214
-11.030344 -11.290057
-11.018361 -11.288872
-11.006350 -11.287658
-10.994311 -11.286415
-10.982243 -11.285143
-10.970148 -11.283842
-10.958025 -11.282513
-10.945873 -11.281154
-10.933693 -11.279767
-10.921485 -11.278350
-10.909249 -11.276904
-10.896985 -11.275430
-10.884692 -11.273926
-10.872371 -11.272392
-10.860022 -11.270830
-10.847645 -11.269238
-10.835239 -11.267617
-10.822805 -11.265966
-10.810342 -11.264286
-10.797851 -11.262576
-10.785332 -11.260837
-10.772784 -11.259068
-10.760208 -11.257269
-10.747603 -11.255440
-10.734970 -11.253582
-10.722309 -11.251694
-10.709618 -11.249776
-10.696900 -11.247828
-10.684152 -11.245850
-10.671376 -11.243842
-10.658572 -11.241804
-10.645739 -11.239735
-10.632877 -11.237636
-10.619986 -11.235507
-10.607067 -11.233348
-10.594119 -11.231158
-10.581142 -11.228938
-10.568137 -11.226687
-10.555102 -11.224406
-10.542039 -11.222094
-10.528947 -11.219752
-10.515826 -11.217378
-10.502676 -11.214974
-10.489497 -11.212539
-10.476290 -11.210073
-10.463053 -11.207576
-10.449787 -11.205048
-10.436492 -11.202489
-10.423169 -11.199899
-10.409816 -11.197278
-10.396434 -11.194625
-10.383023 -11.191941
-10.369582 -11.189226
-10.356113 -11.186479
-10.342614 -11.183701
-10.329086 -11.180891
-10.315529 -11.178049
-10.301943 -11.175176
-10.288327 -11.172271
-10.274682 -11.169334
-10.261007 -11.166365
-10.247304 -11.163365
-10.233570 -11.160332
-10.219808 -11.157267
-10.206015 -11.154170
-10.192194 -11.151041
-10.178342 -11.147879
-10.164462 -11.144686
-10.150551 -11.141459
-10.136611 -11.138201
-10.122642 -11.134910
-10.108642 -11.131586
-10.094613 -11.128229
-10.080554 -11.124840
-10.066466 -11.121418
-10.052348 -11.117963
-10.038199 -11.114475
-10.024021 -11.110954
-10.009814 -11.107400
-9.995576 -11.103813
-9.981308 -11.100193
-9.967010 -11.096539
-9.952683 -11.092852
-9.938325 -11.089132
-9.923937 -11.085378
-9.909519 -11.081590
-9.895071 -11.077769
-9.880593 -11.073914
-9.866084 -11.070025
-9.851546 -11.066103
-9.836977 -11.062146
-9.822378 -11.058155
-9.807748 -11.054131
-9.793088 -11.050072
-9.778398 -11.045979
-9.763677 -11.041851
-9.748926 -11.037689
-9.734145 -11.033493
-9.719333 -11.029262
-9.704490 -11.024997
-9.689617 -11.020696
-9.674713 -11.016361
-9.659778 -11.011991
-9.644813 -11.007586
-9.629817 -11.003146
-9.614790 -10.998671
-9.599732 -10.994161
-9.584644 -10.989616
-9.569525 -10.985035
-9.554374 -10.980419
-9.539193 -10.975767
-9.523981 -10.971079
-9.508738 -10.966356
-9.493464 -10.961597
-9.478158 -10.956802
-9.462822 -10.951972
-9.447454 -10.947105
-9.432055 -10.942202
-9.416625 -10.937263
-9.401164 -10.932288
-9.385671 -10.927276
-9.370147 -10.922228
-9.354592 -10.917143
-9.339005 -10.912021
-9.323386 -10.906863
-9.307737 -10.901668
-9.292055 -10.896436
-9.276342 -10.891167
-9.260597 -10.885861
-9.244821 -10.880518
-9.229013 -10.875137
-9.213173 -10.869720
-9.197301 -10.864264
-9.181398 -10.858771
-9.165462 -10.853241
-9.149495 -10.847672
-9.133496 -10.842066
-9.117464 -10.836422
-9.101401 -10.830739
-9.085306 -10.825019
-9.069178 -10.819260
-9.053018 -10.813463
-9.036826 -10.807628
-9.020602 -10.801754
-9.004345 -10.795841
-8.988056 -10.789890
-8.971735 -10.783899
-8.955381 -10.777870
-8.938994 -10.771802
-8.922576 -10.765694
-8.906124 -10.759548
-8.889640 -10.753361
-8.873123 -10.747136
-8.856573 -10.740870
-8.839991 -10.734566
-8.823376 -10.728221
-8.806728 -10.721836
-8.790047 -10.715411
-8.773333 -10.708947
-8.756586 -10.702442
-8.739806 -10.695896
-8.722993 -10.689310
-8.706147 -10.682684
-8.689267 -10.676017
-8.672354 -10.669309
-8.655408 -10.662560
-8.638429 -10.655770
-8.621416 -10.648938
-8.604370 -10.642066
-8.587290 -10.635152
-8.570176 -10.628197
-8.553029 -10.621200
-8.535848 -10.614161
-8.518634 -10.607080
-8.501386 -10.599958
-8.484104 -10.592793
-8.466788 -10.585586
-8.449438 -10.578336
-8.432054 -10.571044
-8.414636 -10.563710
-8.397184 -10.556333
-8.379698 -10.548912
-8.362177 -10.541449
-8.344623 -10.533943
-8.327034 -10.526393
-8.309410 -10.518800
-8.291752 -10.511164
-8.274060 -10.503484
-8.256333 -10.495760
-8.238572 -10.487992
-8.220776 -10.480180
-8.202945 -10.472323
-8.185079 -10.464423
-8.167178 -10.456478
-8.149243 -10.448488
-8.131273 -10.440454
-8.113267 -10.432374
-8.095227 -10.424250
-8.077151 -10.416080
-8.059040 -10.407865
-8.040894 -10.399605
-8.022712 -10.391299
-8.004496 -10.382947
-7.986243 -10.374549
-7.967955 -10.366105
-7.949632 -10.357615
-7.931273 -10.349078
-7.912878 -10.340495
-7.894447 -10.331866
-7.875981 -10.323189
-7.857479 -10.314466
-7.838940 -10.305695
-7.820366 -10.296877
-7.801756 -10.288011
-7.783109 -10.279098
-7.764426 -10.270137
-7.745707 -10.261129
-7.726951 -10.252072
-7.708159 -10.242966
-7.689331 -10.233813
-7.670465 -10.224610
-7.651564 -10.215359
-7.632625 -10.206059
-7.613650 -10.196710
-7.594637 -10.187311
-7.575588 -10.177863
-7.556502 -10.168365
-7.537379 -10.158818
-7.518218 -10.149220
-7.499021 -10.139573
-7.479786 -10.129875
-7.460513 -10.120126
-7.441204 -10.110327
-7.421856 -10.100476
-7.402471 -10.090575
-7.383048 -10.080622
-7.363588 -10.070618
-7.344090 -10.060562
-7.324554 -10.050455
-7.304979 -10.040295
-7.285367 -10.030083
-7.265717 -10.019818
-7.246028 -10.009501
-7.226301 -9.999131
-7.206535 -9.988708
-7.186731 -9.978232
-7.166889 -9.967702
-7.147008 -9.957119
-7.127088 -9.946482
-7.107129 -9.935790
-7.087132 -9.925045
-7.067095 -9.914244
-7.047020 -9.903390
-7.026905 -9.892480
-7.006751 -9.881515
-6.986557 -9.870495
-6.966325 -9.859419
-6.946052 -9.848287
-6.925740 -9.837099
-6.905389 -9.825855
-6.884998 -9.814555
-6.864566 -9.803198
-6.844095 -9.791783
-6.823584 -9.780312
-6.803033 -9.768783
-6.782441 -9.757197
-6.761809 -9.745552
-6.741137 -9.733850
-6.720424 -9.722089
-6.699670 -9.710269
-6.678876 -9.698391
-6.658041 -9.686453
-6.637165 -9.674456
-6.616248 -9.662400
-6.595291 -9.650283
-6.574291 -9.638106
-6.553251 -9.625869
-6.532169 -9.613571
-6.511046 -9.601213
-6.489881 -9.588793
-6.468674 -9.576311
-6.447425 -9.563768
-6.426135 -9.551162
-6.404803 -9.538495
-6.383428 -9.525765
-6.362011 -9.512971
-6.340552 -9.500115
-6.319051 -9.487195
-6.297506 -9.474212
-6.275920 -9.461164
-6.254290 -9.448052
-6.232618 -9.434875
-6.210902 -9.421634
-6.189144 -9.408327
-6.167342 -9.394955
-6.145497 -9.381516
-6.123608 -9.368012
-6.101676 -9.354441
-6.079700 -9.340803
-6.057681 -9.327098
-6.035617 -9.313326
-6.013510 -9.299486
-5.991358 -9.285577
-5.969162 -9.271600
-5.946922 -9.257555
-5.924637 -9.243440
-5.902307 -9.229256
-5.879933 -9.215002
-5.857514 -9.200677
-5.835050 -9.186282
-5.812540 -9.171817
-5.789986 -9.157280
-5.767386 -9.142671
-5.744740 -9.127990
-5.722049 -9.113237
-5.699312 -9.098411
-5.676529 -9.083512
-5.653700 -9.068540
-5.630825 -9.053493
-5.607903 -9.038373
-5.584935 -9.023177
-5.561921 -9.007907
-5.538859 -8.992561
-5.515751 -8.977139
-5.492596 -8.961641
-5.469394 -8.946066
-5.446144 -8.930413
-5.422847 -8.914684
-5.399502 -8.898876
-5.376110 -8.882990
-5.352670 -8.867024
-5.329181 -8.850980
-5.305645 -8.834855
-5.282060 -8.818651
-5.258427 -8.802365
-5.234745 -8.785999
-5.211014 -8.769551
-5.187235 -8.753020
-5.163406 -8.736407
-5.139528 -8.719711
-5.115601 -8.702932
-5.091624 -8.686068
-5.067597 -8.669120
-5.043520 -8.652086
-5.019394 -8.634967
-4.995217 -8.617762
-4.970990 -8.600470
-4.946712 -8.583091
-4.922384 -8.565625
-4.898004 -8.548069
-4.873574 -8.530426
-4.849092 -8.512692
-4.824559 -8.494869
-4.799975 -8.476955
-4.775339 -8.458950
-4.750650 -8.440854
-4.725910 -8.422665
-4.701117 -8.404383
-4.676272 -8.386008
-4.651375 -8.367539
-4.626424 -8.348974
-4.601421 -8.330315
-4.576364 -8.311560
-4.551254 -8.292707
-4.526090 -8.273758
-4.500873 -8.254711
-4.475601 -8.235565
-4.450276 -8.216319
-4.424896 -8.196974
-4.399461 -8.177528
-4.373972 -8.157980
-4.348428 -8.138331
-4.322828 -8.118578
-4.297174 -8.098722
-4.271463 -8.078762
-4.245697 -8.058696
-4.219875 -8.038525
-4.193997 -8.018247
-4.168063 -7.997862
-4.142072 -7.977368
-4.116024 -7.956765
-4.089919 -7.936053
-4.063757 -7.915230
-4.037537 -7.894295
-4.011259 -7.873248
-3.984924 -7.852088
-3.958531 -7.830813
-3.932079 -7.809424
-3.905568 -7.787918
-3.878999 -7.766296
-3.852371 -7.744556
-3.825683 -7.722698
-3.798936 -7.700719
-3.772129 -7.678620
-3.745262 -7.656400
-3.718335 -7.634056
-3.691347 -7.611590
-3.664299 -7.588998
-3.637190 -7.566281
-3.610019 -7.543437
-3.582787 -7.520465
-3.555493 -7.497364
-3.528138 -7.474133
-3.500720 -7.450770
-3.473239 -7.427276
-3.445696 -7.403647
-3.418090 -7.379884
-3.390420 -7.355986
-3.362687 -7.331949
-3.334891 -7.307775
-3.307030 -7.283461
-3.279104 -7.259006
-3.251115 -7.234408
-3.223060 -7.209667
-3.194940 -7.184781
-3.166755 -7.159748
-3.138503 -7.134568
-3.110186 -7.109238
-3.081803 -7.083758
-3.053353 -7.058126
-3.024836 -7.032340
-2.996253 -7.006399
-2.967601 -6.980301
-2.938882 -6.954044
-2.910095 -6.927628
-2.881240 -6.901050
-2.852316 -6.874309
-2.823323 -6.847403
-2.794261 -6.820330
-2.765130 -6.793089
-2.735928 -6.765677
-2.706657 -6.738093
-2.677315 -6.710335
-2.647903 -6.682401
-2.618419 -6.654289
-2.588865 -6.625997
-2.559238 -6.597523
-2.529540 -6.568865
-2.499770 -6.540021
-2.469927 -6.510989
-2.440011 -6.481766
-2.410022 -6.452350
-2.379959 -6.422739
-2.349823 -6.392931
-2.319613 -6.362922
-2.289328 -6.332712
-2.258969 -6.302296
-2.228535 -6.271674
-2.198025 -6.240841
-2.167440 -6.209795
-2.136779 -6.178534
-2.106042 -6.147055
-2.075228 -6.115355
-2.044338 -6.083430
-2.013370 -6.051279
-1.982326 -6.018897
-1.951203 -5.986282
-1.920003 -5.953431
-1.888724 -5.920340
-1.857367 -5.887005
-1.825932 -5.853424
-1.794417 -5.819593
-1.762823 -5.785507
-1.731150 -5.751164
-1.699397 -5.716560
-1.667564 -5.681690
-1.635651 -5.646550
-1.603658 -5.611137
-1.571584 -5.575446
-1.539430 -5.539472
-1.507194 -5.503212
-1.474878 -5.466661
-1.442481 -5.429813
-1.410002 -5.392663
-1.377442 -5.355208
-1.344800 -5.317441
-1.312077 -5.279358
-1.279273 -5.240952
-1.246387 -5.202219
-1.213420 -5.163151
-1.180371 -5.123744
-1.147241 -5.083990
-1.114029 -5.043885
-1.080737 -5.003420
-1.047364 -4.962589
-1.013910 -4.921385
-0.980376 -4.879801
-0.946762 -4.837828
-0.913068 -4.795460
-0.879296 -4.752688
-0.845444 -4.709504
-0.811516 -4.665899
-0.777509 -4.621865
-0.743427 -4.577390
-0.709269 -4.532467
-0.675036 -4.487085
-0.640730 -4.441234
-0.606352 -4.394902
-0.571903 -4.348079
-0.537384 -4.300752
-0.502798 -4.252910
-0.468145 -4.204539
-0.433429 -4.155628
-0.398651 -4.106160
-0.363813 -4.056124
-0.328918 -4.005502
-0.293970 -3.954280
-0.258971 -3.902440
-0.223925 -3.849967
-0.188835 -3.796841
-0.153707 -3.743044
-0.118544 -3.688555
-0.083352 -3.633355
-0.048136 -3.577421
-0.012903 -3.520730
0.022341 -3.463258
0.057587 -3.404979
0.092828 -3.345867
0.128055 -3.285892
0.163257 -3.225025
0.198422 -3.163234
0.233540 -3.100485
0.268595 -3.036743
0.303572 -2.971969
0.338455 -2.906123
0.373223 -2.839163
0.407857 -2.771042
0.442331 -2.701713
0.476620 -2.631122
0.510694 -2.559214
0.544518 -2.485931
0.578054 -2.411207
0.611261 -2.334975
0.644088 -2.257161
0.676480 -2.177687
0.708375 -2.096467
0.739699 -2.013411
0.770369 -1.928420
0.800290 -1.841389
0.829350 -1.752205
0.857422 -1.660746
0.884355 -1.566881
0.909975 -1.470473
0.934077 -1.371374
0.956419 -1.269432
0.976716 -1.164488
0.994631 -1.056382
1.009764 -0.944960
1.021641 -0.830079
1.029700 -0.711626
1.033281 -0.589533
1.031610 -0.463811
1.023802 -0.334588
1.008865 -0.202160
0.985735 -0.067054
0.953343 0.069908
0.910730 0.207566
0.857203 0.344422
0.792501 0.478732
0.716927 0.608674
0.631368 0.732584
0.537189 0.849176
0.436031 0.957669
0.329578 1.057793
0.219383 1.149696
0.106764 1.233823
-0.007223 1.310779
-0.121772 1.381239
-0.236289 1.445879
-0.350349 1.505338
-0.463658 1.560199
-0.576018 1.610983
-0.687302 1.658149
-0.797436 1.702098
-0.906382 1.743179
-1.014127 1.781697
-1.120677 1.817917
-1.226050 1.852069
-1.330273 1.884355
-1.433376 1.914950
-1.535395 1.944010
-1.636368 1.971671
-1.736330 1.998053
-1.835319 2.023263
-1.933372 2.047395
-2.030525 2.070535
-2.126812 2.092758
-2.222267 2.114132
-2.316921 2.134719
-2.410804 2.154573
-2.503947 2.173744
-2.596377 2.192277
-2.688119 2.210215
-2.779200 2.227593
-2.869644 2.244448
-2.959472 2.260809
-3.048707 2.276706
-3.137369 2.292165
-3.225477 2.307212
-3.313050 2.321867
-3.400107 2.336152
-3.486663 2.350087
-3.572735 2.363689
-3.658337 2.376975
-3.743485 2.389960
-3.828193 2.402659
-3.912474 2.415086
-3.996339 2.427252
-4.079803 2.439169
-4.162875 2.450849
-4.245567 2.462302
-4.327890 2.473538
-4.409854 2.484565
-4.491469 2.495392
-4.572744 2.506028
-4.653687 2.516480
-4.734308 2.526756
-4.814615 2.536861
-4.894615 2.546803
-4.974317 2.556587
-5.053727 2.566220
-5.132853 2.575707
-5.211701 2.585052
-5.290278 2.594262
-5.368591 2.603340
-5.446645 2.612292
-5.524446 2.621121
-5.602000 2.629832
-5.679313 2.638428
-5.756389 2.646912
-5.833234 2.655290
-5.909852 2.663563
-5.986249 2.671736
-6.062429 2.679811
-6.138397 2.687791
-6.214156 2.695679
-6.289712 2.703477
-6.365067 2.711189
-6.440226 2.718817
-6.515193 2.726362
-6.589972 2.733829
-6.664566 2.741217
-6.738978 2.748531
-6.813212 2.755771
-6.887272 2.762940
-6.961159 2.770039
-7.034879 2.777071
-7.108432 2.784037
-7.181823 2.790939
-7.255054 2.797778
-7.328129 2.804557
-7.401049 2.811275
-7.473817 2.817936
-7.546436 2.824540
-7.618909 2.831089
-7.691237 2.837584
-7.763423 2.844026
-7.835470 2.850416
-7.907379 2.856756
-7.979153 2.863047
-8.050794 2.869290
-8.122305 2.875486
-8.193686 2.881636
-8.264940 2.887741
-8.336069 2.893802
-8.407075 2.899820
-8.477960 2.905796
-8.548725 2.911731
-8.619373 2.917625
-8.689904 2.923480
-8.760321 2.929296
-8.830625 2.935074
-8.900818 2.940815
-8.970901 2.946520
-9.040877 2.952189
-9.110746 2.957823
-9.180509 2.963422
-9.250169 2.968988
-9.319727 2.974521
-9.389184 2.980021
-9.458542 2.985490
-9.527801 2.990928
-9.596963 2.996335
-9.666030 3.001712
-9.735002 3.007059
-9.803881 3.012377
-9.872667 3.017667
-9.941363 3.022930
-10.009970 3.028164
-10.078487 3.033372
-10.146918 3.038553
-10.215261 3.043709
-10.283520 3.048838
-10.351693 3.053943
-10.419784 3.059023
-10.487792 3.064078
-10.555719 3.069110
-10.623566 3.074118
-10.691333 3.079103
-10.759021 3.084066
-10.826632 3.089006
-10.894166 3.093924
-10.961625 3.098820
-11.029008 3.103695
-11.096317 3.108549
-11.163553 3.113383
-11.230716 3.118196
-11.297808 3.122989
-11.364828 3.127762
-11.431779 3.132516
-11.498660 3.137251
-11.565472 3.141967
-11.632217 3.146665
-11.698894 3.151344
-11.765505 3.156006
-11.832050 3.160649
-11.898530 3.165276
-11.964946 3.169885
-12.031298 3.174477
-12.097586 3.179052
-12.163813 3.183611
-12.229977 3.188153
-12.296080 3.192680
-12.362123 3.197191
-12.428106 3.201686
-12.494029 3.206166
-12.559894 3.210631
-12.625700 3.215080
-12.691449 3.219515
-12.757140 3.223936
-12.822775 3.228342
-12.888355 3.232734
-12.953878 3.237112
-13.019347 3.241476
-13.084761 3.245827
-13.150121 3.250164
-13.215428 3.254488
-13.280682 3.258799
-13.345884 3.263097
-13.411034 3.267383
-13.476132 3.271655
-13.541179 3.275916
-13.606176 3.280164
-13.671122 3.284399
-13.736019 3.288623
-13.800867 3.292836
-13.865666 3.297036
-13.930417 3.301225
-13.995120 3.305402
-14.059775 3.309569
-14.124384 3.313724
-14.188945 3.317868
-14.253461 3.322001
-14.317930 3.326124
-14.382354 3.330236
-14.446733 3.334337
-14.511067 3.338429
-14.575357 3.342509
-14.639603 3.346580
-14.703806 3.350641
-14.767965 3.354692
-14.832081 3.358733
-14.896155 3.362765
-14.960187 3.366787
-15.024177 3.370799
-15.088125 3.374802
-15.152032 3.378796
-15.215898 3.382781
-15.279724 3.386757
-15.343510 3.390724
-15.407256 3.394682
-15.470962 3.398631
-15.534629 3.402572
-15.598257 3.406504
-15.661846 3.410428
-15.725398 3.414343
-15.788911 3.418250
-15.852386 3.422149
-15.915824 3.426039
-15.979225 3.429922
-16.042589 3.433797
-16.105916 3.437664
-16.169207 3.441523
-16.232462 3.445374
-16.295681 3.449218
-16.358864 3.453054
-16.422013 3.456883
-16.485126 3.460704
-16.548204 3.464518
-16.611248 3.468325
-16.674258 3.472125
-16.737234 3.475917
-16.800176 3.479703
-16.863085 3.483481
-16.925960 3.487253
-16.988802 3.491018
-17.051612 3.494776
-17.114389 3.498527
-17.177133 3.502272
-17.239846 3.506010
-17.302526 3.509742
-17.365175 3.513467
-17.427793 3.517186
-17.490379 3.520899
-17.552934 3.524605
-17.615459 3.528305
-17.677953 3.531999
-17.740416 3.535687
-17.802849 3.539369
-17.865253 3.543045
-17.927626 3.546715
-17.989970 3.550379
-18.052285 3.554037
-18.114570 3.557690
-18.176827 3.561337
-18.239054 3.564978
-18.301253 3.568614
-18.363424 3.572244
-18.425567 3.575868
-18.487681 3.579487
-18.549767 3.583101
-18.611826 3.586709
-18.673858 3.590312
-18.735861 3.593910
-18.797838 3.597502
-18.859788 3.601090
-18.921711 3.604672
-18.983608 3.608249
-19.045477 3.611821
-19.107321 3.615388
-19.169138 3.618950
-19.230930 3.622507
-19.292696 3.626060
-19.354436 3.629607
-19.416150 3.633150
-19.477839 3.636688
-19.539503 3.640221
-19.601142 3.643749
-19.662756 3.647273
-19.724345 3.650793
-19.785910 3.654307
-19.847450 3.657818
-19.908966 3.661323
-19.970458 3.664825
-20.031926 3.668322
-20.093370 3.671814
-20.154790 3.675302
-20.216187 3.678786
-20.277560 3.682266
-20.338910 3.685741
-20.400237 3.689212
-20.461540 3.692679
-20.522821 3.696142
-20.584079 3.699600
-20.645315 3.703055
-20.706528 3.706506
-20.767718 3.709952
-20.828887 3.713395
-20.890033 3.716833
-20.951157 3.720268
-21.012259 3.723699
-21.073340 3.727126
-21.134399 3.730549
-21.195436 3.733968
-21.256452 3.737384
-21.317447 3.740796
-21.378421 3.744204
-21.439374 3.747608
-21.500305 3.751009
-21.561216 3.754406
-21.622107 3.757799
-21.682976 3.761189
-21.743825 3.764576
-21.804654 3.767959
-21.865463 3.771338
-21.926252 3.774714
-21.987020 3.778086
-22.047769 3.781455
-22.108498 3.784821
-22.169207 3.788183
-22.229896 3.791542
-22.290566 3.794897
-22.351217 3.798249
-22.411848 3.801598
-22.472460 3.804944
-22.533054 3.808286
