0
3
10
17
13
7
40
7
25
22
1
10
0
6
10
14
4
17
9
10
12
16
10
15
12
10
39
1
24
0
1
2
1
23
6
2
6
10
21
8
7
0
0
11
2
1
4
9
4
22
17
27
5
14
5
1
17
1
1
13
10
8
2
13
1
17
3
1
5
26
10
6
1
8
6
2
2
2
2
2
0
3
7
2
1
8
25
6
7
0
7
11
6
1
3
2
3
0
11
16
1
28
1
44
6
29
10
1
8
19
5
17
0
3
1
0
19
1
0
5
0
14
31
11
6
5
3
22
2
53
5
1
4
9
14
2
1
27
36
4
10
2
10
9
25
5
12
9
43
21
29
39
26
6
10
12
8
2
18
3
1
13
6
1
20
26
38
14
10
0
15
7
2
12
9
16
12
0
1
20
9
0
6
35
4
37
5
4
4
4
3
6
20
7
15
0
0
10
23
0
4
9
3
7
13
34
9
18
20
7
0
0
10
5
9
3
1
6
5
7
9
10
17
0
5
5
10
3
9
6
13
5
3
15
15
9
1
0
3
0
15
2
18
17
15
0
17
0
14
24
3
3
4
7
2
19
7
12
19
18
0
29
0
2
0
0
4
3
1
9
39
20
0
8
23
7
0
1
3
6
24
16
13
19
2
7
56
6
0
4
5
9
3
22
4
12
5
8
1
36
19
1
43
6
3
9
4
5
21
29
3
32
14
2
12
6
4
5
19
10
8
17
2
9
19
0
42
2
9
7
7
4
0
9
20
0
3
34
4
0
9
2
26
2
48
8
11
1
30
3
34
11
4
19
0
12
0
8
6
12
8
8
0
5
24
13
4
7
31
2
6
0
3
1
16
0
6
25
6
6
2
0
25
12
6
2
23
2
7
16
1
30
0
3
23
0
4
12
4
6
1
12
3
2
13
4
2
17
8
6
9
4
8
0
6
15
11
7
8
0
17
3
1
28
19
2
4
10
27
1
11
13
12
1
43
3
15
29
19
0
21
0
8
1
0
4
6
5
2
10
18
2
1
0
27
3
2
6
10
11
6
2
7
1
15
4
0
19
17
14
14
4
55
1
8
1
16
2
0
3
17
4
6
40
2
50
6
18
12
33
0
6
13
24
6
3
3
15
18
13
0
1
7
9
12
6
4
1
7
9
8
14
1
2
26
4
2
29
43
13
1
2
4
17
1
1
5
0
12
1
13
18
4
6
3
10
5
4
1
21
5
1
27
2
3
54
15
5
9
2
36
14
2
2
23
14
5
10
17
3
1
0
22
11
28
16
3
5
6
8
7
18
0
13
7
5
6
1
9
15
26
12
14
2
3
4
16
14
0
11
7
1
3
1
5
50
8
11
4
3
2
2
2
0
8
1
0
4
14
14
8
2
0
52
5
12
22
4
6
29
21
3
13
11
4
22
12
0
0
19
3
2
19
9
0
6
21
26
11
35
5
6
11
2
4
3
8
3
4
58
3
30
8
4
8
4
13
5
0
4
16
18
1
26
24
3
5
2
10
14
9
26
20
3
9
4
0
9
13
6
8
29
9
21
13
33
5
0
15
0
9
7
7
37
10
0
3
10
2
0
2
18
8
3
17
3
5
5
3
0
38
17
1
0
1
1
5
12
0
16
30
15
2
3
31
1
16
8
18
3
14
27
12
5
6
12
4
2
14
36
3
2
45
1
19
0
40
0
37
30
0
6
3
3
3
19
7
2
2
8
8
6
6
0
15
16
0
52
6
21
4
8
1
15
1
3
18
7
6
13
12
12
0
8
22
1
10
4
22
0
26
0
18
1
8
2
0
3
12
19
0
10
23
2
6
13
37
4
21
1
4
14
11
4
8
7
20
20
12
15
5
3
10
0
12
5
0
13
33
11
0
8
11
6
2
0
4
31
7
7
4
11
33
1
5
22
6
1
17
49
14
4
7
2
4
19
4
3
5
0
16
20
1
22
47
1
0
0
12
1
18
15
17
1
10
7
26
22
33
0
5
6
24
0
5
6
7
12
2
6
14
26
7
11
1
8
19
15
2
13
12
0
17
14
38
1
0
36
2
3
3
12
1
7
0
15
1
0
6
0
9
9
29
30
9
12
18
14
15
30
9
16
0
0
5
22
2
22
13
8
1
5
0
32
28
3
2
10
1
15
14
0
15
7
6
4
0
14
7
1
1
3
8
14
0
1
13
0
2
9
8
5
8
17
6
15
2
0
1
1
19
2
3
2
8
7
11
14
31
0
3
3
7
1
7
18
15
0
33
12
