0.000000 -0.671550
0.100000 -0.671550
0.200000 -0.671550
0.300000 -0.671550
0.400000 -0.671550
0.500000 -0.671550
0.600000 -0.671550
0.700000 -0.671550
0.800000 -0.671550
0.900000 -0.671550
1.000000 -0.671550
1.100000 -0.671550
1.200000 -0.671550
1.300000 -0.671550
1.400000 -0.671550
1.500000 -0.671550
1.600000 -0.671550
1.700000 -0.671550
1.800000 -0.671550
1.900000 -0.671550
2.000000 -0.671550
2.100000 -0.671550
2.200000 -0.671550
2.300000 -0.671550
2.400000 -0.671550
2.500000 -0.671550
2.600000 -0.671550
2.700000 -0.671550
2.800000 -0.671550
2.900000 -0.671550
3.000000 -0.671550
3.100000 -0.671550
3.200000 -0.671550
3.300000 -0.671550
3.400000 -0.671550
3.500000 -0.671550
3.600000 -0.671550
3.700000 -0.671550
3.800000 -0.671550
3.900000 -0.671550
4.000000 -0.671550
4.100000 -0.671550
4.200000 -0.671550
4.300000 -0.671550
4.400000 -0.671550
4.500000 -0.671550
4.600000 -0.671550
4.700000 -0.671550
4.800000 -0.671550
4.900000 -0.671550
5.000000 -0.671550
5.100000 -0.671550
5.200000 -0.671550
5.300000 -0.671550
5.400000 -0.671550
5.500000 -0.671550
5.600000 -0.671550
5.700000 -0.671550
5.800000 -0.671550
5.900000 -0.671550
6.000000 -0.671550
6.100000 -0.671550
6.200000 -0.671550
6.300000 -0.671550
6.400000 -0.671550
6.500000 -0.671550
6.600000 -0.671550
6.700000 -0.671550
6.800000 -0.671550
6.900000 -0.671550
7.000000 -0.671550
7.100000 -0.671550
7.200000 -0.671550
7.300000 -0.671550
7.400000 -0.671550
7.500000 -0.671550
7.600000 -0.671550
7.700000 -0.671550
7.800000 -0.671550
7.900000 -0.671550
8.000000 -0.671550
8.100000 -0.671550
8.200000 -0.671550
8.300000 -0.671550
8.400000 -0.671550
8.500000 -0.671550
8.600000 -0.671550
8.700000 -0.671550
8.800000 -0.671550
8.900000 -0.671550
9.000000 -0.671550
9.100000 -0.671550
9.200000 -0.671550
9.300000 -0.671550
9.400000 -0.671550
9.500000 -0.671550
9.600000 -0.671550
9.700000 -0.671550
9.800000 -0.671550
9.900000 -0.671550
10.000000 -0.671550
10.100000 -0.671550
10.200000 -0.671550
10.300000 -0.671550
10.400000 -0.671550
10.500000 -0.671550
10.600000 -0.671550
10.700000 -0.671550
10.800000 -0.671550
10.900000 -0.671550
11.000000 -0.671550
11.100000 -0.671550
11.200000 -0.671550
11.300000 -0.671550
11.400000 -0.671550
11.500000 -0.671550
11.600000 -0.671550
11.700000 -0.671550
11.800000 -0.671550
11.900000 -0.671550
12.000000 -0.671550
12.100000 -0.671550
12.200000 -0.671550
12.300000 -0.671550
12.400000 -0.671550
12.500000 -0.671550
12.600000 -0.671550
12.700000 -0.671550
12.800000 -0.671550
12.900000 -0.671550
13.000000 -0.671550
13.100000 -0.671550
13.200000 -0.671550
13.300000 -0.671550
13.400000 -0.671550
13.500000 -0.671550
13.600000 -0.671550
13.700000 -0.671550
13.800000 -0.671550
13.900000 -0.671550
14.000000 -0.671550
14.100000 -0.671550
14.200000 -0.671550
14.300000 -0.671550
14.400000 -0.671550
14.500000 -0.671550
14.600000 -0.671550
14.700000 -0.671550
14.800000 -0.671550
14.900000 -0.671550
15.000000 -0.671550
15.100000 -0.671550
15.200000 -0.671550
15.300000 -0.671550
15.400000 -0.671550
15.500000 -0.671550
15.600000 -0.671550
15.700000 -0.671550
15.800000 -0.671550
15.900000 -0.671550
16.000000 -0.671550
16.100000 -0.671550
16.200000 -0.671550
16.300000 -0.671550
16.400000 -0.671550
16.500000 -0.671550
16.600000 -0.671550
16.700000 -0.671550
16.800000 -0.671550
16.900000 -0.671550
17.000000 -0.671550
17.100000 -0.671550
17.200000 -0.671550
17.300000 -0.671550
17.400000 -0.671550
17.500000 -0.671550
17.600000 -0.671550
17.700000 -0.671550
17.800000 -0.671550
17.900000 -0.671550
18.000000 -0.671550
18.100000 -0.671550
18.200000 -0.671550
18.300000 -0.671550
18.400000 -0.671550
18.500000 -0.671550
18.600000 -0.671550
18.700000 -0.671550
18.800000 -0.671550
18.900000 -0.671550
19.000000 -0.671550
19.100000 -0.671550
19.200000 -0.671550
19.300000 -0.671550
19.400000 -0.671550
19.500000 -0.671550
19.600000 -0.671550
19.700000 -0.671550
19.800000 -0.671550
19.900000 -0.671550
20.000000 -0.671550
20.100000 -0.671550
20.200000 -0.671550
20.300000 -0.671550
20.400000 -0.671550
20.500000 -0.671550
20.600000 -0.671550
20.700000 -0.671550
20.800000 -0.671550
20.900000 -0.671550
21.000000 -0.671550
21.100000 -0.671550
21.200000 -0.671550
21.300000 -0.671550
21.400000 -0.671550
21.500000 -0.671550
21.600000 -0.671550
21.700000 -0.671550
21.800000 -0.671550
21.900000 -0.671550
22.000000 -0.671550
22.100000 -0.671550
22.200000 -0.671550
22.300000 -0.671550
22.400000 -0.671550
22.500000 -0.671550
22.600000 -0.671550
22.700000 -0.671550
22.800000 -0.671550
22.900000 -0.671550
23.000000 -0.671550
23.100000 -0.671550
23.200000 -0.671550
23.300000 -0.671550
23.400000 -0.671550
23.500000 -0.671550
23.600000 -0.671550
23.700000 -0.671550
23.800000 -0.671550
23.900000 -0.671550
24.000000 -0.671550
24.100000 -0.671550
24.200000 -0.671550
24.300000 -0.671550
24.400000 -0.671550
24.500000 -0.671550
24.600000 -0.671550
24.700000 -0.671550
24.800000 -0.671550
24.900000 -0.671550
25.000000 -0.671550
25.100000 -0.671550
25.200000 -0.671550
25.300000 -0.671550
25.400000 -0.671550
25.500000 -0.671550
25.600000 -0.671550
25.700000 -0.671550
25.800000 -0.671550
25.900000 -0.671550
26.000000 -0.671550
26.100000 -0.671550
26.200000 -0.671550
26.300000 -0.671550
26.400000 -0.671550
26.500000 -0.671550
26.600000 -0.671550
26.700000 -0.671550
26.800000 -0.671550
26.900000 -0.671550
27.000000 -0.671550
27.100000 -0.671550
27.200000 -0.671550
27.300000 -0.671550
27.400000 -0.671550
27.500000 -0.671550
27.600000 -0.671550
27.700000 -0.671550
27.800000 -0.671550
27.900000 -0.671550
28.000000 -0.671550
28.100000 -0.671550
28.200000 -0.671550
28.300000 -0.671550
28.400000 -0.671550
28.500000 -0.671550
28.600000 -0.671550
28.700000 -0.671550
28.800000 -0.671550
28.900000 -0.671550
29.000000 -0.671550
29.100000 -0.671550
29.200000 -0.671550
29.300000 -0.671550
29.400000 -0.671550
29.500000 -0.671550
29.600000 -0.671550
29.700000 -0.671550
29.800000 -0.671550
29.900000 -0.671550
30.000000 -0.671550
30.100000 -0.671550
30.200000 -0.671550
30.300000 -0.671550
30.400000 -0.671550
30.500000 -0.671550
30.600000 -0.671550
30.700000 -0.671550
30.800000 -0.671550
30.900000 -0.671550
31.000000 -0.671550
31.100000 -0.671550
31.200000 -0.671550
31.300000 -0.671550
31.400000 -0.671550
31.500000 -0.671550
31.600000 -0.671550
31.700000 -0.671550
31.800000 -0.671550
31.900000 -0.671550
32.000000 -0.671550
32.100000 -0.671550
32.200000 -0.671550
32.300000 -0.671550
32.400000 -0.671550
32.500000 -0.671550
32.600000 -0.671550
32.700000 -0.671550
32.800000 -0.671550
32.900000 -0.671550
33.000000 -0.671550
33.100000 -0.671550
33.200000 -0.671550
33.300000 -0.671550
33.400000 -0.671550
33.500000 -0.671550
33.600000 -0.671550
33.700000 -0.671550
33.800000 -0.671550
33.900000 -0.671550
34.000000 -0.671550
34.100000 -0.671550
34.200000 -0.671550
34.300000 -0.671550
34.400000 -0.671550
34.500000 -0.671550
34.600000 -0.671550
34.700000 -0.671550
34.800000 -0.671550
34.900000 -0.671550
35.000000 -0.671550
35.100000 -0.671550
35.200000 -0.671550
35.300000 -0.671550
35.400000 -0.671550
35.500000 -0.671550
35.600000 -0.671550
35.700000 -0.671550
35.800000 -0.671550
35.900000 -0.671550
36.000000 -0.671550
36.100000 -0.671550
36.200000 -0.671550
36.300000 -0.671550
36.400000 -0.671550
36.500000 -0.671550
36.600000 -0.671550
36.700000 -0.671550
36.800000 -0.671550
36.900000 -0.671550
37.000000 -0.671550
37.100000 -0.671550
37.200000 -0.671550
37.300000 -0.671550
37.400000 -0.671550
37.500000 -0.671550
37.600000 -0.671550
37.700000 -0.671550
37.800000 -0.671550
37.900000 -0.671550
38.000000 -0.671550
38.100000 -0.671550
38.200000 -0.671550
38.300000 -0.671550
38.400000 -0.671550
38.500000 -0.671550
38.600000 -0.671550
38.700000 -0.671550
38.800000 -0.671550
38.900000 -0.671550
39.000000 -0.671550
39.100000 -0.671550
39.200000 -0.671550
39.300000 -0.671550
39.400000 -0.671550
39.500000 -0.671550
39.600000 -0.671550
39.700000 -0.671550
39.800000 -0.671550
39.900000 -0.671550
40.000000 -0.671550
40.100000 -0.671550
40.200000 -0.671550
40.300000 -0.671550
40.400000 -0.671550
40.500000 -0.671550
40.600000 -0.671550
40.700000 -0.671550
40.800000 -0.671550
40.900000 -0.671550
41.000000 -0.671550
41.100000 -0.671550
41.200000 -0.671550
41.300000 -0.671550
41.400000 -0.671550
41.500000 -0.671550
41.600000 -0.671550
41.700000 -0.671550
41.800000 -0.671550
41.900000 -0.671550
42.000000 -0.671550
42.100000 -0.671550
42.200000 -0.671550
42.300000 -0.671550
42.400000 -0.671550
42.500000 -0.671550
42.600000 -0.671550
42.700000 -0.671550
42.800000 -0.671550
42.900000 -0.671550
43.000000 -0.671550
43.100000 -0.671550
43.200000 -0.671550
43.300000 -0.671550
43.400000 -0.671550
43.500000 -0.671550
43.600000 -0.671550
43.700000 -0.671550
43.800000 -0.671550
43.900000 -0.671550
44.000000 -0.671550
44.100000 -0.671550
44.200000 -0.671550
44.300000 -0.671550
44.400000 -0.671550
44.500000 -0.671550
44.600000 -0.671550
44.700000 -0.671550
44.800000 -0.671550
44.900000 -0.671550
45.000000 -0.671550
45.100000 -0.671550
45.200000 -0.671550
45.300000 -0.671550
45.400000 -0.671550
45.500000 -0.671550
45.600000 -0.671550
45.700000 -0.671550
45.800000 -0.671550
45.900000 -0.671550
46.000000 -0.671550
46.100000 -0.671550
46.200000 -0.671550
46.300000 -0.671550
46.400000 -0.671550
46.500000 -0.671550
46.600000 -0.671550
46.700000 -0.671550
46.800000 -0.671550
46.900000 -0.671550
47.000000 -0.671550
47.100000 -0.671550
47.200000 -0.671550
47.300000 -0.671550
47.400000 -0.671550
47.500000 -0.671550
47.600000 -0.671550
47.700000 -0.671550
47.800000 -0.671550
47.900000 -0.671550
48.000000 -0.671550
48.100000 -0.671550
48.200000 -0.671550
48.300000 -0.671550
48.400000 -0.671550
48.500000 -0.671550
48.600000 -0.671550
48.700000 -0.671550
48.800000 -0.671550
48.900000 -0.671550
49.000000 -0.671550
49.100000 -0.671550
49.200000 -0.671550
49.300000 -0.671550
49.400000 -0.671550
49.500000 -0.671550
49.600000 -0.671550
49.700000 -0.671550
49.800000 -0.671550
49.900000 -0.671550
50.000000 -0.671550
50.100000 -0.671550
50.200000 -0.671550
50.300000 -0.671550
50.400000 -0.671550
50.500000 -0.671550
50.600000 -0.671550
50.700000 -0.671550
50.800000 -0.671550
50.900000 -0.671550
51.000000 -0.671550
51.100000 -0.671550
51.200000 -0.671550
51.300000 -0.671550
51.400000 -0.671550
51.500000 -0.671550
51.600000 -0.671550
51.700000 -0.671550
51.800000 -0.671550
51.900000 -0.671550
52.000000 -0.671550
52.100000 -0.671550
52.200000 -0.671550
52.300000 -0.671550
52.400000 -0.671550
52.500000 -0.671550
52.600000 -0.671550
52.700000 -0.671550
52.800000 -0.671550
52.900000 -0.671550
53.000000 -0.671550
53.100000 -0.671550
53.200000 -0.671550
53.300000 -0.671550
53.400000 -0.671550
53.500000 -0.671550
53.600000 -0.671550
53.700000 -0.671550
53.800000 -0.671550
53.900000 -0.671550
54.000000 -0.671550
54.100000 -0.671550
54.200000 -0.671550
54.300000 -0.671550
54.400000 -0.671550
54.500000 -0.671550
54.600000 -0.671550
54.700000 -0.671550
54.800000 -0.671550
54.900000 -0.671550
55.000000 -0.671550
55.100000 -0.671550
55.200000 -0.671550
55.300000 -0.671550
55.400000 -0.671550
55.500000 -0.671550
55.600000 -0.671550
55.700000 -0.671550
55.800000 -0.671550
55.900000 -0.671550
56.000000 -0.671550
56.100000 -0.671550
56.200000 -0.671550
56.300000 -0.671550
56.400000 -0.671550
56.500000 -0.671550
56.600000 -0.671550
56.700000 -0.671550
56.800000 -0.671550
56.900000 -0.671550
57.000000 -0.671550
57.100000 -0.671550
57.200000 -0.671550
57.300000 -0.671550
57.400000 -0.671550
57.500000 -0.671550
57.600000 -0.671550
57.700000 -0.671550
57.800000 -0.671550
57.900000 -0.671550
58.000000 -0.671550
58.100000 -0.671550
58.200000 -0.671550
58.300000 -0.671550
58.400000 -0.671550
58.500000 -0.671550
58.600000 -0.671550
58.700000 -0.671550
58.800000 -0.671550
58.900000 -0.671550
59.000000 -0.671550
59.100000 -0.671550
59.200000 -0.671550
59.300000 -0.671550
59.400000 -0.671550
59.500000 -0.671550
59.600000 -0.671550
59.700000 -0.671550
59.800000 -0.671550
59.900000 -0.671550
60.000000 -0.671550
60.100000 -0.671550
60.200000 -0.671550
60.300000 -0.671550
60.400000 -0.671550
60.500000 -0.671550
60.600000 -0.671550
60.700000 -0.671550
60.800000 -0.671550
60.900000 -0.671550
61.000000 -0.671550
61.100000 -0.671550
61.200000 -0.671550
61.300000 -0.671550
61.400000 -0.671550
61.500000 -0.671550
61.600000 -0.671550
61.700000 -0.671550
61.800000 -0.671550
61.900000 -0.671550
62.000000 -0.671550
62.100000 -0.671550
62.200000 -0.671550
62.300000 -0.671550
62.400000 -0.671550
62.500000 -0.671550
62.600000 -0.671550
62.700000 -0.671550
62.800000 -0.671550
62.900000 -0.671550
63.000000 -0.671550
63.100000 -0.671550
63.200000 -0.671550
63.300000 -0.671550
63.400000 -0.671550
63.500000 -0.671550
63.600000 -0.671550
63.700000 -0.671550
63.800000 -0.671550
63.900000 -0.671550
64.000000 -0.671550
64.100000 -0.671550
64.200000 -0.671550
64.300000 -0.671550
64.400000 -0.671550
64.500000 -0.671550
64.600000 -0.671550
64.700000 -0.671550
64.800000 -0.671550
64.900000 -0.671550
65.000000 -0.671550
65.100000 -0.671550
65.200000 -0.671550
65.300000 -0.671550
65.400000 -0.671550
65.500000 -0.671550
65.600000 -0.671550
65.700000 -0.671550
65.800000 -0.671550
65.900000 -0.671550
66.000000 -0.671550
66.100000 -0.671550
66.200000 -0.671550
66.300000 -0.671550
66.400000 -0.671550
66.500000 -0.671550
66.600000 -0.671550
66.700000 -0.671550
66.800000 -0.671550
66.900000 -0.671550
67.000000 -0.671550
67.100000 -0.671550
67.200000 -0.671550
67.300000 -0.671550
67.400000 -0.671550
67.500000 -0.671550
67.600000 -0.671550
67.700000 -0.671550
67.800000 -0.671550
67.900000 -0.671550
68.000000 -0.671550
68.100000 -0.671550
68.200000 -0.671550
68.300000 -0.671550
68.400000 -0.671550
68.500000 -0.671550
68.600000 -0.671550
68.700000 -0.671550
68.800000 -0.671550
68.900000 -0.671550
69.000000 -0.671550
69.100000 -0.671550
69.200000 -0.671550
69.300000 -0.671550
69.400000 -0.671550
69.500000 -0.671550
69.600000 -0.671550
69.700000 -0.671550
69.800000 -0.671550
69.900000 -0.671550
70.000000 -0.671550
70.100000 -0.671550
70.200000 -0.671550
70.300000 -0.671550
70.400000 -0.671550
70.500000 -0.671550
70.600000 -0.671550
70.700000 -0.671550
70.800000 -0.671550
70.900000 -0.671550
71.000000 -0.671550
71.100000 -0.671550
71.200000 -0.671550
71.300000 -0.671550
71.400000 -0.671550
71.500000 -0.671550
71.600000 -0.671550
71.700000 -0.671550
71.800000 -0.671550
71.900000 -0.671550
72.000000 -0.671550
72.100000 -0.671550
72.200000 -0.671550
72.300000 -0.671550
72.400000 -0.671550
72.500000 -0.671550
72.600000 -0.671550
72.700000 -0.671550
72.800000 -0.671550
72.900000 -0.671550
73.000000 -0.671550
73.100000 -0.671550
73.200000 -0.671550
73.300000 -0.671550
73.400000 -0.671550
73.500000 -0.671550
73.600000 -0.671550
73.700000 -0.671550
73.800000 -0.671550
73.900000 -0.671550
74.000000 -0.671550
74.100000 -0.671550
74.200000 -0.671550
74.300000 -0.671550
74.400000 -0.671550
74.500000 -0.671550
74.600000 -0.671550
74.700000 -0.671550
74.800000 -0.671550
74.900000 -0.671550
75.000000 -0.671550
75.100000 -0.671550
75.200000 -0.671550
75.300000 -0.671550
75.400000 -0.671550
75.500000 -0.671550
75.600000 -0.671550
75.700000 -0.671550
75.800000 -0.671550
75.900000 -0.671550
76.000000 -0.671550
76.100000 -0.671550
76.200000 -0.671550
76.300000 -0.671550
76.400000 -0.671550
76.500000 -0.671550
76.600000 -0.671550
76.700000 -0.671550
76.800000 -0.671550
76.900000 -0.671550
77.000000 -0.671550
77.100000 -0.671550
77.200000 -0.671550
77.300000 -0.671550
77.400000 -0.671550
77.500000 -0.671550
77.600000 -0.671550
77.700000 -0.671550
77.800000 -0.671550
77.900000 -0.671550
78.000000 -0.671550
78.100000 -0.671550
78.200000 -0.671550
78.300000 -0.671550
78.400000 -0.671550
78.500000 -0.671550
78.600000 -0.671550
78.700000 -0.671550
78.800000 -0.671550
78.900000 -0.671550
79.000000 -0.671550
79.100000 -0.671550
79.200000 -0.671550
79.300000 -0.671550
79.400000 -0.671550
79.500000 -0.671550
79.600000 -0.671550
79.700000 -0.671550
79.800000 -0.671550
79.900000 -0.671550
80.000000 -0.671550
80.100000 -0.671550
80.200000 -0.671550
80.300000 -0.671550
80.400000 -0.671550
80.500000 -0.671550
80.600000 -0.671550
80.700000 -0.671550
80.800000 -0.671550
80.900000 -0.671550
81.000000 -0.671550
81.100000 -0.671550
81.200000 -0.671550
81.300000 -0.671550
81.400000 -0.671550
81.500000 -0.671550
81.600000 -0.671550
81.700000 -0.671550
81.800000 -0.671550
81.900000 -0.671550
82.000000 -0.671550
82.100000 -0.671550
82.200000 -0.671550
82.300000 -0.671550
82.400000 -0.671550
82.500000 -0.671550
82.600000 -0.671550
82.700000 -0.671550
82.800000 -0.671550
82.900000 -0.671550
83.000000 -0.671550
83.100000 -0.671550
83.200000 -0.671550
83.300000 -0.671550
83.400000 -0.671550
83.500000 -0.671550
83.600000 -0.671550
83.700000 -0.671550
83.800000 -0.671550
83.900000 -0.671550
84.000000 -0.671550
84.100000 -0.671550
84.200000 -0.671550
84.300000 -0.671550
84.400000 -0.671550
84.500000 -0.671550
84.600000 -0.671550
84.700000 -0.671550
84.800000 -0.671550
84.900000 -0.671550
85.000000 -0.671550
85.100000 -0.671550
85.200000 -0.671550
85.300000 -0.671550
85.400000 -0.671550
85.500000 -0.671550
85.600000 -0.671550
85.700000 -0.671550
85.800000 -0.671550
85.900000 -0.671550
86.000000 -0.671550
86.100000 -0.671550
86.200000 -0.671550
86.300000 -0.671550
86.400000 -0.671550
86.500000 -0.671550
86.600000 -0.671550
86.700000 -0.671550
86.800000 -0.671550
86.900000 -0.671550
87.000000 -0.671550
87.100000 -0.671550
87.200000 -0.671550
87.300000 -0.671550
87.400000 -0.671550
87.500000 -0.671550
87.600000 -0.671550
87.700000 -0.671550
87.800000 -0.671550
87.900000 -0.671550
88.000000 -0.671550
88.100000 -0.671550
88.200000 -0.671550
88.300000 -0.671550
88.400000 -0.671550
88.500000 -0.671550
88.600000 -0.671550
88.700000 -0.671550
88.800000 -0.671550
88.900000 -0.671550
89.000000 -0.671550
89.100000 -0.671550
89.200000 -0.671550
89.300000 -0.671550
89.400000 -0.671550
89.500000 -0.671550
89.600000 -0.671550
89.700000 -0.671550
89.800000 -0.671550
89.900000 -0.671550
90.000000 -0.671550
90.100000 -0.671550
90.200000 -0.671550
90.300000 -0.671550
90.400000 -0.671550
90.500000 -0.671550
90.600000 -0.671550
90.700000 -0.671550
90.800000 -0.671550
90.900000 -0.671550
91.000000 -0.671550
91.100000 -0.671550
91.200000 -0.671550
91.300000 -0.671550
91.400000 -0.671550
91.500000 -0.671550
91.600000 -0.671550
91.700000 -0.671550
91.800000 -0.671550
91.900000 -0.671550
92.000000 -0.671550
92.100000 -0.671550
92.200000 -0.671550
92.300000 -0.671550
92.400000 -0.671550
92.500000 -0.671550
92.600000 -0.671550
92.700000 -0.671550
92.800000 -0.671550
92.900000 -0.671550
93.000000 -0.671550
93.100000 -0.671550
93.200000 -0.671550
93.300000 -0.671550
93.400000 -0.671550
93.500000 -0.671550
93.600000 -0.671550
93.700000 -0.671550
93.800000 -0.671550
93.900000 -0.671550
94.000000 -0.671550
94.100000 -0.671550
94.200000 -0.671550
94.300000 -0.671550
94.400000 -0.671550
94.500000 -0.671550
94.600000 -0.671550
94.700000 -0.671550
94.800000 -0.671550
94.900000 -0.671550
95.000000 -0.671550
95.100000 -0.671550
95.200000 -0.671550
95.300000 -0.671550
95.400000 -0.671550
95.500000 -0.671550
95.600000 -0.671550
95.700000 -0.671550
95.800000 -0.671550
95.900000 -0.671550
96.000000 -0.671550
96.100000 -0.671550
96.200000 -0.671550
96.300000 -0.671550
96.400000 -0.671550
96.500000 -0.671550
96.600000 -0.671550
96.700000 -0.671550
96.800000 -0.671550
96.900000 -0.671550
97.000000 -0.671550
97.100000 -0.671550
97.200000 -0.671550
97.300000 -0.671550
97.400000 -0.671550
97.500000 -0.671550
97.600000 -0.671550
97.700000 -0.671550
97.800000 -0.671550
97.900000 -0.671550
98.000000 -0.671550
98.100000 -0.671550
98.200000 -0.671550
98.300000 -0.671550
98.400000 -0.671550
98.500000 -0.671550
98.600000 -0.671550
98.700000 -0.671550
98.800000 -0.671550
98.900000 -0.671550
99.000000 -0.671550
99.100000 -0.671550
99.200000 -0.671550
99.300000 -0.671550
99.400000 -0.671550
99.500000 -0.671550
99.600000 -0.671550
99.700000 -0.671550
99.800000 -0.671550
99.900000 -0.671550
100.000000 -0.671550
100.100000 -0.671550
100.200000 -0.671550
100.300000 -0.671550
100.400000 -0.671550
100.500000 -0.671550
100.600000 -0.671550
100.700000 -0.671550
100.800000 -0.671550
100.900000 -0.671550
101.000000 -0.671550
101.100000 -0.671550
101.200000 -0.671550
101.300000 -0.671550
101.400000 -0.671550
101.500000 -0.671550
101.600000 -0.671550
101.700000 -0.671550
101.800000 -0.671550
101.900000 -0.671550
102.000000 -0.671550
102.100000 -0.671550
102.200000 -0.671550
102.300000 -0.671550
102.400000 -0.671550
102.500000 -0.671550
102.600000 -0.671550
102.700000 -0.671550
102.800000 -0.671550
102.900000 -0.671550
103.000000 -0.671550
103.100000 -0.671550
103.200000 -0.671550
103.300000 -0.671550
103.400000 -0.671550
103.500000 -0.671550
103.600000 -0.671550
103.700000 -0.671550
103.800000 -0.671550
103.900000 -0.671550
104.000000 -0.671550
104.100000 -0.671550
104.200000 -0.671550
104.300000 -0.671550
104.400000 -0.671550
104.500000 -0.671550
104.600000 -0.671550
104.700000 -0.671550
104.800000 -0.671550
104.900000 -0.671550
105.000000 -0.671550
105.100000 -0.671550
105.200000 -0.671550
105.300000 -0.671550
105.400000 -0.671550
105.500000 -0.671550
105.600000 -0.671550
105.700000 -0.671550
105.800000 -0.671550
105.900000 -0.671550
106.000000 -0.671550
106.100000 -0.671550
106.200000 -0.671550
106.300000 -0.671550
106.400000 -0.671550
106.500000 -0.671550
106.600000 -0.671550
106.700000 -0.671550
106.800000 -0.671550
106.900000 -0.671550
107.000000 -0.671550
107.100000 -0.671550
107.200000 -0.671550
107.300000 -0.671550
107.400000 -0.671550
107.500000 -0.671550
107.600000 -0.671550
107.700000 -0.671550
107.800000 -0.671550
107.900000 -0.671550
108.000000 -0.671550
108.100000 -0.671550
108.200000 -0.671550
108.300000 -0.671550
108.400000 -0.671550
108.500000 -0.671550
108.600000 -0.671550
108.700000 -0.671550
108.800000 -0.671550
108.900000 -0.671550
109.000000 -0.671550
109.100000 -0.671550
109.200000 -0.671550
109.300000 -0.671550
109.400000 -0.671550
109.500000 -0.671550
109.600000 -0.671550
109.700000 -0.671550
109.800000 -0.671550
109.900000 -0.671550
110.000000 -0.671550
110.100000 -0.671550
110.200000 -0.671550
110.300000 -0.671550
110.400000 -0.671550
110.500000 -0.671550
110.600000 -0.671550
110.700000 -0.671550
110.800000 -0.671550
110.900000 -0.671550
111.000000 -0.671550
111.100000 -0.671550
111.200000 -0.671550
111.300000 -0.671550
111.400000 -0.671550
111.500000 -0.671550
111.600000 -0.671550
111.700000 -0.671550
111.800000 -0.671550
111.900000 -0.671550
112.000000 -0.671550
112.100000 -0.671550
112.200000 -0.671550
112.300000 -0.671550
112.400000 -0.671550
112.500000 -0.671550
112.600000 -0.671550
112.700000 -0.671550
112.800000 -0.671550
112.900000 -0.671550
113.000000 -0.671550
113.100000 -0.671550
113.200000 -0.671550
113.300000 -0.671550
113.400000 -0.671550
113.500000 -0.671550
113.600000 -0.671550
113.700000 -0.671550
113.800000 -0.671550
113.900000 -0.671550
114.000000 -0.671550
114.100000 -0.671550
114.200000 -0.671550
114.300000 -0.671550
114.400000 -0.671550
114.500000 -0.671550
114.600000 -0.671550
114.700000 -0.671550
114.800000 -0.671550
114.900000 -0.671550
115.000000 -0.671550
115.100000 -0.671550
115.200000 -0.671550
115.300000 -0.671550
115.400000 -0.671550
115.500000 -0.671550
115.600000 -0.671550
115.700000 -0.671550
115.800000 -0.671550
115.900000 -0.671550
116.000000 -0.671550
116.100000 -0.671550
116.200000 -0.671550
116.300000 -0.671550
116.400000 -0.671550
116.500000 -0.671550
116.600000 -0.671550
116.700000 -0.671550
116.800000 -0.671550
116.900000 -0.671550
117.000000 -0.671550
117.100000 -0.671550
117.200000 -0.671550
117.300000 -0.671550
117.400000 -0.671550
117.500000 -0.671550
117.600000 -0.671550
117.700000 -0.671550
117.800000 -0.671550
117.900000 -0.671550
118.000000 -0.671550
118.100000 -0.671550
118.200000 -0.671550
118.300000 -0.671550
118.400000 -0.671550
118.500000 -0.671550
118.600000 -0.671550
118.700000 -0.671550
118.800000 -0.671550
118.900000 -0.671550
119.000000 -0.671550
119.100000 -0.671550
119.200000 -0.671550
119.300000 -0.671550
119.400000 -0.671550
119.500000 -0.671550
119.600000 -0.671550
119.700000 -0.671550
119.800000 -0.671550
119.900000 -0.671550
120.000000 -0.671550
120.100000 -0.671550
120.200000 -0.671550
120.300000 -0.671550
120.400000 -0.671550
120.500000 -0.671550
120.600000 -0.671550
120.700000 -0.671550
120.800000 -0.671550
120.900000 -0.671550
121.000000 -0.671550
121.100000 -0.671550
121.200000 -0.671550
121.300000 -0.671550
121.400000 -0.671550
121.500000 -0.671550
121.600000 -0.671550
121.700000 -0.671550
121.800000 -0.671550
121.900000 -0.671550
122.000000 -0.671550
122.100000 -0.671550
122.200000 -0.671550
122.300000 -0.671550
122.400000 -0.671550
122.500000 -0.671550
122.600000 -0.671550
122.700000 -0.671550
122.800000 -0.671550
122.900000 -0.671550
123.000000 -0.671550
123.100000 -0.671550
123.200000 -0.671550
123.300000 -0.671550
123.400000 -0.671550
123.500000 -0.671550
123.600000 -0.671550
123.700000 -0.671550
123.800000 -0.671550
123.900000 -0.671550
124.000000 -0.671550
124.100000 -0.671550
124.200000 -0.671550
124.300000 -0.671550
124.400000 -0.671550
124.500000 -0.671550
124.600000 -0.671550
124.700000 -0.671550
124.800000 -0.671550
124.900000 -0.671550
125.000000 -0.671550
125.100000 -0.671550
125.200000 -0.671550
125.300000 -0.671550
125.400000 -0.671550
125.500000 -0.671550
125.600000 -0.671550
125.700000 -0.671550
125.800000 -0.671550
125.900000 -0.671550
126.000000 -0.671550
126.100000 -0.671550
126.200000 -0.671550
126.300000 -0.671550
126.400000 -0.671550
126.500000 -0.671550
126.600000 -0.671550
126.700000 -0.671550
126.800000 -0.671550
126.900000 -0.671550
127.000000 -0.671550
127.100000 -0.671550
127.200000 -0.671550
127.300000 -0.671550
127.400000 -0.671550
127.500000 -0.671550
127.600000 -0.671550
127.700000 -0.671550
127.800000 -0.671550
127.900000 -0.671550
128.000000 -0.671550
128.100000 -0.671550
128.200000 -0.671550
128.300000 -0.671550
128.400000 -0.671550
128.500000 -0.671550
128.600000 -0.671550
128.700000 -0.671550
128.800000 -0.671550
128.900000 -0.671550
129.000000 -0.671550
129.100000 -0.671550
129.200000 -0.671550
129.300000 -0.671550
129.400000 -0.671550
129.500000 -0.671550
129.600000 -0.671550
129.700000 -0.671550
129.800000 -0.671550
129.900000 -0.671550
130.000000 -0.671550
130.100000 -0.671550
130.200000 -0.671550
130.300000 -0.671550
130.400000 -0.671550
130.500000 -0.671550
130.600000 -0.671550
130.700000 -0.671550
130.800000 -0.671550
130.900000 -0.671550
131.000000 -0.671550
131.100000 -0.671550
131.200000 -0.671550
131.300000 -0.671550
131.400000 -0.671550
131.500000 -0.671550
131.600000 -0.671550
131.700000 -0.671550
131.800000 -0.671550
131.900000 -0.671550
132.000000 -0.671550
132.100000 -0.671550
132.200000 -0.671550
132.300000 -0.671550
132.400000 -0.671550
132.500000 -0.671550
132.600000 -0.671550
132.700000 -0.671550
132.800000 -0.671550
132.900000 -0.671550
133.000000 -0.671550
133.100000 -0.671550
133.200000 -0.671550
133.300000 -0.671550
133.400000 -0.671550
133.500000 -0.671550
133.600000 -0.671550
133.700000 -0.671550
133.800000 -0.671550
133.900000 -0.671550
134.000000 -0.671550
134.100000 -0.671550
134.200000 -0.671550
134.300000 -0.671550
134.400000 -0.671550
134.500000 -0.671550
134.600000 -0.671550
134.700000 -0.671550
134.800000 -0.671550
134.900000 -0.671550
135.000000 -0.671550
135.100000 -0.671550
135.200000 -0.671550
135.300000 -0.671550
135.400000 -0.671550
135.500000 -0.671550
135.600000 -0.671550
135.700000 -0.671550
135.800000 -0.671550
135.900000 -0.671550
136.000000 -0.671550
136.100000 -0.671550
136.200000 -0.671550
136.300000 -0.671550
136.400000 -0.671550
136.500000 -0.671550
136.600000 -0.671550
136.700000 -0.671550
136.800000 -0.671550
136.900000 -0.671550
137.000000 -0.671550
137.100000 -0.671550
137.200000 -0.671550
137.300000 -0.671550
137.400000 -0.671550
137.500000 -0.671550
137.600000 -0.671550
137.700000 -0.671550
137.800000 -0.671550
137.900000 -0.671550
138.000000 -0.671550
138.100000 -0.671550
138.200000 -0.671550
138.300000 -0.671550
138.400000 -0.671550
138.500000 -0.671550
138.600000 -0.671550
138.700000 -0.671550
138.800000 -0.671550
138.900000 -0.671550
139.000000 -0.671550
139.100000 -0.671550
139.200000 -0.671550
139.300000 -0.671550
139.400000 -0.671550
139.500000 -0.671550
139.600000 -0.671550
139.700000 -0.671550
139.800000 -0.671550
139.900000 -0.671550
140.000000 -0.671550
140.100000 -0.671550
140.200000 -0.671550
140.300000 -0.671550
140.400000 -0.671550
140.500000 -0.671550
140.600000 -0.671550
140.700000 -0.671550
140.800000 -0.671550
140.900000 -0.671550
141.000000 -0.671550
141.100000 -0.671550
141.200000 -0.671550
141.300000 -0.671550
141.400000 -0.671550
141.500000 -0.671550
141.600000 -0.671550
141.700000 -0.671550
141.800000 -0.671550
141.900000 -0.671550
142.000000 -0.671550
142.100000 -0.671550
142.200000 -0.671550
142.300000 -0.671550
142.400000 -0.671550
142.500000 -0.671550
142.600000 -0.671550
142.700000 -0.671550
142.800000 -0.671550
142.900000 -0.671550
143.000000 -0.671550
143.100000 -0.671550
143.200000 -0.671550
143.300000 -0.671550
143.400000 -0.671550
143.500000 -0.671550
143.600000 -0.671550
143.700000 -0.671550
143.800000 -0.671550
143.900000 -0.671550
144.000000 -0.671550
144.100000 -0.671550
144.200000 -0.671550
144.300000 -0.671550
144.400000 -0.671550
144.500000 -0.671550
144.600000 -0.671550
144.700000 -0.671550
144.800000 -0.671550
144.900000 -0.671550
145.000000 -0.671550
145.100000 -0.671550
145.200000 -0.671550
145.300000 -0.671550
145.400000 -0.671550
145.500000 -0.671550
145.600000 -0.671550
145.700000 -0.671550
145.800000 -0.671550
145.900000 -0.671550
146.000000 -0.671550
146.100000 -0.671550
146.200000 -0.671550
146.300000 -0.671550
146.400000 -0.671550
146.500000 -0.671550
146.600000 -0.671550
146.700000 -0.671550
146.800000 -0.671550
146.900000 -0.671550
147.000000 -0.671550
147.100000 -0.671550
147.200000 -0.671550
147.300000 -0.671550
147.400000 -0.671550
147.500000 -0.671550
147.600000 -0.671550
147.700000 -0.671550
147.800000 -0.671550
147.900000 -0.671550
148.000000 -0.671550
148.100000 -0.671550
148.200000 -0.671550
148.300000 -0.671550
148.400000 -0.671550
148.500000 -0.671550
148.600000 -0.671550
148.700000 -0.671550
148.800000 -0.671550
148.900000 -0.671550
149.000000 -0.671550
149.100000 -0.671550
149.200000 -0.671550
149.300000 -0.671550
149.400000 -0.671550
149.500000 -0.671550
149.600000 -0.671550
149.700000 -0.671550
149.800000 -0.671550
149.900000 -0.671550
150.000000 -0.671550
150.100000 -0.671550
150.200000 -0.671550
150.300000 -0.671550
150.400000 -0.671550
150.500000 -0.671550
150.600000 -0.671550
150.700000 -0.671550
150.800000 -0.671550
150.900000 -0.671550
151.000000 -0.671550
151.100000 -0.671550
151.200000 -0.671550
151.300000 -0.671550
151.400000 -0.671550
151.500000 -0.671550
151.600000 -0.671550
151.700000 -0.671550
151.800000 -0.671550
151.900000 -0.671550
152.000000 -0.671550
152.100000 -0.671550
152.200000 -0.671550
152.300000 -0.671550
152.400000 -0.671550
152.500000 -0.671550
152.600000 -0.671550
152.700000 -0.671550
152.800000 -0.671550
152.900000 -0.671550
153.000000 -0.671550
153.100000 -0.671550
153.200000 -0.671550
153.300000 -0.671550
153.400000 -0.671550
153.500000 -0.671550
153.600000 -0.671550
153.700000 -0.671550
153.800000 -0.671550
153.900000 -0.671550
154.000000 -0.671550
154.100000 -0.671550
154.200000 -0.671550
154.300000 -0.671550
154.400000 -0.671550
154.500000 -0.671550
154.600000 -0.671550
154.700000 -0.671550
154.800000 -0.671550
154.900000 -0.671550
155.000000 -0.671550
155.100000 -0.671550
155.200000 -0.671550
155.300000 -0.671550
155.400000 -0.671550
155.500000 -0.671550
155.600000 -0.671550
155.700000 -0.671550
155.800000 -0.671550
155.900000 -0.671550
156.000000 -0.671550
156.100000 -0.671550
156.200000 -0.671550
156.300000 -0.671550
156.400000 -0.671550
156.500000 -0.671550
156.600000 -0.671550
156.700000 -0.671550
156.800000 -0.671550
156.900000 -0.671550
157.000000 -0.671550
157.100000 -0.671550
157.200000 -0.671550
157.300000 -0.671550
157.400000 -0.671550
157.500000 -0.671550
157.600000 -0.671550
157.700000 -0.671550
157.800000 -0.671550
157.900000 -0.671550
158.000000 -0.671550
158.100000 -0.671550
158.200000 -0.671550
158.300000 -0.671550
158.400000 -0.671550
158.500000 -0.671550
158.600000 -0.671550
158.700000 -0.671550
158.800000 -0.671550
158.900000 -0.671550
159.000000 -0.671550
159.100000 -0.671550
159.200000 -0.671550
159.300000 -0.671550
159.400000 -0.671550
159.500000 -0.671550
159.600000 -0.671550
159.700000 -0.671550
159.800000 -0.671550
159.900000 -0.671550
160.000000 -0.671550
160.100000 -0.671550
160.200000 -0.671550
160.300000 -0.671550
160.400000 -0.671550
160.500000 -0.671550
160.600000 -0.671550
160.700000 -0.671550
160.800000 -0.671550
160.900000 -0.671550
161.000000 -0.671550
161.100000 -0.671550
161.200000 -0.671550
161.300000 -0.671550
161.400000 -0.671550
161.500000 -0.671550
161.600000 -0.671550
161.700000 -0.671550
161.800000 -0.671550
161.900000 -0.671550
162.000000 -0.671550
162.100000 -0.671550
162.200000 -0.671550
162.300000 -0.671550
162.400000 -0.671550
162.500000 -0.671550
162.600000 -0.671550
162.700000 -0.671550
162.800000 -0.671550
162.900000 -0.671550
163.000000 -0.671550
163.100000 -0.671550
163.200000 -0.671550
163.300000 -0.671550
163.400000 -0.671550
163.500000 -0.671550
163.600000 -0.671550
163.700000 -0.671550
163.800000 -0.671550
163.900000 -0.671550
164.000000 -0.671550
164.100000 -0.671550
164.200000 -0.671550
164.300000 -0.671550
164.400000 -0.671550
164.500000 -0.671550
164.600000 -0.671550
164.700000 -0.671550
164.800000 -0.671550
164.900000 -0.671550
165.000000 -0.671550
165.100000 -0.671550
165.200000 -0.671550
165.300000 -0.671550
165.400000 -0.671550
165.500000 -0.671550
165.600000 -0.671550
165.700000 -0.671550
165.800000 -0.671550
165.900000 -0.671550
166.000000 -0.671550
166.100000 -0.671550
166.200000 -0.671550
166.300000 -0.671550
166.400000 -0.671550
166.500000 -0.671550
166.600000 -0.671550
166.700000 -0.671550
166.800000 -0.671550
166.900000 -0.671550
167.000000 -0.671550
167.100000 -0.671550
167.200000 -0.671550
167.300000 -0.671550
167.400000 -0.671550
167.500000 -0.671550
167.600000 -0.671550
167.700000 -0.671550
167.800000 -0.671550
167.900000 -0.671550
168.000000 -0.671550
168.100000 -0.671550
168.200000 -0.671550
168.300000 -0.671550
168.400000 -0.671550
168.500000 -0.671550
168.600000 -0.671550
168.700000 -0.671550
168.800000 -0.671550
168.900000 -0.671550
169.000000 -0.671550
169.100000 -0.671550
169.200000 -0.671550
169.300000 -0.671550
169.400000 -0.671550
169.500000 -0.671550
169.600000 -0.671550
169.700000 -0.671550
169.800000 -0.671550
169.900000 -0.671550
170.000000 -0.671550
170.100000 -0.671550
170.200000 -0.671550
170.300000 -0.671550
170.400000 -0.671550
170.500000 -0.671550
170.600000 -0.671550
170.700000 -0.671550
170.800000 -0.671550
170.900000 -0.671550
171.000000 -0.671550
171.100000 -0.671550
171.200000 -0.671550
171.300000 -0.671550
171.400000 -0.671550
171.500000 -0.671550
171.600000 -0.671550
171.700000 -0.671550
171.800000 -0.671550
171.900000 -0.671550
172.000000 -0.671550
172.100000 -0.671550
172.200000 -0.671550
172.300000 -0.671550
172.400000 -0.671550
172.500000 -0.671550
172.600000 -0.671550
172.700000 -0.671550
172.800000 -0.671550
172.900000 -0.671550
173.000000 -0.671550
173.100000 -0.671550
173.200000 -0.671550
173.300000 -0.671550
173.400000 -0.671550
173.500000 -0.671550
173.600000 -0.671550
173.700000 -0.671550
173.800000 -0.671550
173.900000 -0.671550
174.000000 -0.671550
174.100000 -0.671550
174.200000 -0.671550
174.300000 -0.671550
174.400000 -0.671550
174.500000 -0.671550
174.600000 -0.671550
174.700000 -0.671550
174.800000 -0.671550
174.900000 -0.671550
175.000000 -0.671550
175.100000 -0.671550
175.200000 -0.671550
175.300000 -0.671550
175.400000 -0.671550
175.500000 -0.671550
175.600000 -0.671550
175.700000 -0.671550
175.800000 -0.671550
175.900000 -0.671550
176.000000 -0.671550
176.100000 -0.671550
176.200000 -0.671550
176.300000 -0.671550
176.400000 -0.671550
176.500000 -0.671550
176.600000 -0.671550
176.700000 -0.671550
176.800000 -0.671550
176.900000 -0.671550
177.000000 -0.671550
177.100000 -0.671550
177.200000 -0.671550
177.300000 -0.671550
177.400000 -0.671550
177.500000 -0.671550
177.600000 -0.671550
177.700000 -0.671550
177.800000 -0.671550
177.900000 -0.671550
178.000000 -0.671550
178.100000 -0.671550
178.200000 -0.671550
178.300000 -0.671550
178.400000 -0.671550
178.500000 -0.671550
178.600000 -0.671550
178.700000 -0.671550
178.800000 -0.671550
178.900000 -0.671550
179.000000 -0.671550
179.100000 -0.671550
179.200000 -0.671550
179.300000 -0.671550
179.400000 -0.671550
179.500000 -0.671550
179.600000 -0.671550
179.700000 -0.671550
179.800000 -0.671550
179.900000 -0.671550
180.000000 -0.671550
180.100000 -0.671550
180.200000 -0.671550
180.300000 -0.671550
180.400000 -0.671550
180.500000 -0.671550
180.600000 -0.671550
180.700000 -0.671550
180.800000 -0.671550
180.900000 -0.671550
181.000000 -0.671550
181.100000 -0.671550
181.200000 -0.671550
181.300000 -0.671550
181.400000 -0.671550
181.500000 -0.671550
181.600000 -0.671550
181.700000 -0.671550
181.800000 -0.671550
181.900000 -0.671550
182.000000 -0.671550
182.100000 -0.671550
182.200000 -0.671550
182.300000 -0.671550
182.400000 -0.671550
182.500000 -0.671550
182.600000 -0.671550
182.700000 -0.671550
182.800000 -0.671550
182.900000 -0.671550
183.000000 -0.671550
183.100000 -0.671550
183.200000 -0.671550
183.300000 -0.671550
183.400000 -0.671550
183.500000 -0.671550
183.600000 -0.671550
183.700000 -0.671550
183.800000 -0.671550
183.900000 -0.671550
184.000000 -0.671550
184.100000 -0.671550
184.200000 -0.671550
184.300000 -0.671550
184.400000 -0.671550
184.500000 -0.671550
184.600000 -0.671550
184.700000 -0.671550
184.800000 -0.671550
184.900000 -0.671550
185.000000 -0.671550
185.100000 -0.671550
185.200000 -0.671550
185.300000 -0.671550
185.400000 -0.671550
185.500000 -0.671550
185.600000 -0.671550
185.700000 -0.671550
185.800000 -0.671550
185.900000 -0.671550
186.000000 -0.671550
186.100000 -0.671550
186.200000 -0.671550
186.300000 -0.671550
186.400000 -0.671550
186.500000 -0.671550
186.600000 -0.671550
186.700000 -0.671550
186.800000 -0.671550
186.900000 -0.671550
187.000000 -0.671550
187.100000 -0.671550
187.200000 -0.671550
187.300000 -0.671550
187.400000 -0.671550
187.500000 -0.671550
187.600000 -0.671550
187.700000 -0.671550
187.800000 -0.671550
187.900000 -0.671550
188.000000 -0.671550
188.100000 -0.671550
188.200000 -0.671550
188.300000 -0.671550
188.400000 -0.671550
188.500000 -0.671550
188.600000 -0.671550
188.700000 -0.671550
188.800000 -0.671550
188.900000 -0.671550
189.000000 -0.671550
189.100000 -0.671550
189.200000 -0.671550
189.300000 -0.671550
189.400000 -0.671550
189.500000 -0.671550
189.600000 -0.671550
189.700000 -0.671550
189.800000 -0.671550
189.900000 -0.671550
190.000000 -0.671550
190.100000 -0.671550
190.200000 -0.671550
190.300000 -0.671550
190.400000 -0.671550
190.500000 -0.671550
190.600000 -0.671550
190.700000 -0.671550
190.800000 -0.671550
190.900000 -0.671550
191.000000 -0.671550
191.100000 -0.671550
191.200000 -0.671550
191.300000 -0.671550
191.400000 -0.671550
191.500000 -0.671550
191.600000 -0.671550
191.700000 -0.671550
191.800000 -0.671550
191.900000 -0.671550
192.000000 -0.671550
192.100000 -0.671550
192.200000 -0.671550
192.300000 -0.671550
192.400000 -0.671550
192.500000 -0.671550
192.600000 -0.671550
192.700000 -0.671550
192.800000 -0.671550
192.900000 -0.671550
193.000000 -0.671550
193.100000 -0.671550
193.200000 -0.671550
193.300000 -0.671550
193.400000 -0.671550
193.500000 -0.671550
193.600000 -0.671550
193.700000 -0.671550
193.800000 -0.671550
193.900000 -0.671550
194.000000 -0.671550
194.100000 -0.671550
194.200000 -0.671550
194.300000 -0.671550
194.400000 -0.671550
194.500000 -0.671550
194.600000 -0.671550
194.700000 -0.671550
194.800000 -0.671550
194.900000 -0.671550
195.000000 -0.671550
195.100000 -0.671550
195.200000 -0.671550
195.300000 -0.671550
195.400000 -0.671550
195.500000 -0.671550
195.600000 -0.671550
195.700000 -0.671550
195.800000 -0.671550
195.900000 -0.671550
196.000000 -0.671550
196.100000 -0.671550
196.200000 -0.671550
196.300000 -0.671550
196.400000 -0.671550
196.500000 -0.671550
196.600000 -0.671550
196.700000 -0.671550
196.800000 -0.671550
196.900000 -0.671550
197.000000 -0.671550
197.100000 -0.671550
197.200000 -0.671550
197.300000 -0.671550
197.400000 -0.671550
197.500000 -0.671550
197.600000 -0.671550
197.700000 -0.671550
197.800000 -0.671550
197.900000 -0.671550
198.000000 -0.671550
198.100000 -0.671550
198.200000 -0.671550
198.300000 -0.671550
198.400000 -0.671550
198.500000 -0.671550
198.600000 -0.671550
198.700000 -0.671550
198.800000 -0.671550
198.900000 -0.671550
199.000000 -0.671550
199.100000 -0.671550
199.200000 -0.671550
199.300000 -0.671550
199.400000 -0.671550
199.500000 -0.671550
199.600000 -0.671550
199.700000 -0.671550
199.800000 -0.671550
199.900000 -0.671550
