0.000000 -0.671550
0.100000 -0.493058
0.200000 -0.345010
0.300000 -0.235747
0.400000 -0.162912
0.500000 -0.117664
0.600000 -0.090647
0.700000 -0.074791
0.800000 -0.065528
0.900000 -0.060115
1.000000 -0.056955
1.100000 -0.055124
1.200000 -0.054087
1.300000 -0.053527
1.400000 -0.053256
1.500000 -0.053160
1.600000 -0.053170
1.700000 -0.053242
1.800000 -0.053350
1.900000 -0.053476
2.000000 -0.053611
2.100000 -0.053747
2.200000 -0.053881
2.300000 -0.054010
2.400000 -0.054133
2.500000 -0.054249
2.600000 -0.054358
2.700000 -0.054460
2.800000 -0.054555
2.900000 -0.054644
3.000000 -0.054727
3.100000 -0.054805
3.200000 -0.054877
3.300000 -0.054944
3.400000 -0.055007
3.500000 -0.055066
3.600000 -0.055120
3.700000 -0.055172
3.800000 -0.055220
3.900000 -0.055264
4.000000 -0.055307
4.100000 -0.055346
4.200000 -0.055383
4.300000 -0.055418
4.400000 -0.055451
4.500000 -0.055482
4.600000 -0.055511
4.700000 -0.055538
4.800000 -0.055564
4.900000 -0.055589
5.000000 -0.055612
5.100000 -0.055634
5.200000 -0.055655
5.300000 -0.055675
5.400000 -0.055693
5.500000 -0.055711
5.600000 -0.055728
5.700000 -0.055744
5.800000 -0.055760
5.900000 -0.055774
6.000000 -0.055788
6.100000 -0.055801
6.200000 -0.055814
6.300000 -0.055826
6.400000 -0.055838
6.500000 -0.055849
6.600000 -0.055859
6.700000 -0.055869
6.800000 -0.055879
6.900000 -0.055888
7.000000 -0.055897
7.100000 -0.055906
7.200000 -0.055914
7.300000 -0.055922
7.400000 -0.055929
7.500000 -0.055936
7.600000 -0.055943
7.700000 -0.055950
7.800000 -0.055956
7.900000 -0.055963
8.000000 -0.055969
8.100000 -0.055974
8.200000 -0.055980
8.300000 -0.055985
8.400000 -0.055990
8.500000 -0.055995
8.600000 -0.056000
8.700000 -0.056005
8.800000 -0.056009
8.900000 -0.056013
9.000000 -0.056017
9.100000 -0.056021
9.200000 -0.056025
9.300000 -0.056029
9.400000 -0.056033
9.500000 -0.056036
9.600000 -0.056040
9.700000 -0.056043
9.800000 -0.056046
9.900000 -0.056049
10.000000 -0.056052
10.100000 -0.056055
10.200000 -0.056058
10.300000 -0.056060
10.400000 -0.056063
10.500000 -0.056066
10.600000 -0.056068
10.700000 -0.056070
10.800000 -0.056073
10.900000 -0.056075
11.000000 -0.056077
11.100000 -0.056079
11.200000 -0.056081
11.300000 -0.056083
11.400000 -0.056085
11.500000 -0.056087
11.600000 -0.056089
11.700000 -0.056091
11.800000 -0.056093
11.900000 -0.056094
12.000000 -0.056096
12.100000 -0.056097
12.200000 -0.056099
12.300000 -0.056100
12.400000 -0.056102
12.500000 -0.056103
12.600000 -0.056105
12.700000 -0.056106
12.800000 -0.056107
12.900000 -0.056109
13.000000 -0.056110
13.100000 -0.056111
13.200000 -0.056112
13.300000 -0.056113
13.400000 -0.056115
13.500000 -0.056116
13.600000 -0.056117
13.700000 -0.056118
13.800000 -0.056119
13.900000 -0.056120
14.000000 -0.056121
14.100000 -0.056122
14.200000 -0.056123
14.300000 -0.056123
14.400000 -0.056124
14.500000 -0.056125
14.600000 -0.056126
14.700000 -0.056127
14.800000 -0.056128
14.900000 -0.056128
15.000000 -0.056129
15.100000 -0.056130
15.200000 -0.056130
15.300000 -0.056131
15.400000 -0.056132
15.500000 -0.056132
15.600000 -0.056133
15.700000 -0.056134
15.800000 -0.056134
15.900000 -0.056135
16.000000 -0.056136
16.100000 -0.056136
16.200000 -0.056137
16.300000 -0.056137
16.400000 -0.056138
16.500000 -0.056138
16.600000 -0.056139
16.700000 -0.056139
16.800000 -0.056140
16.900000 -0.056140
17.000000 -0.056141
17.100000 -0.056141
17.200000 -0.056141
17.300000 -0.056142
17.400000 -0.056142
17.500000 -0.056143
17.600000 -0.056143
17.700000 -0.056144
17.800000 -0.056144
17.900000 -0.056144
18.000000 -0.056145
18.100000 -0.056145
18.200000 -0.056145
18.300000 -0.056146
18.400000 -0.056146
18.500000 -0.056146
18.600000 -0.056147
18.700000 -0.056147
18.800000 -0.056147
18.900000 -0.056147
19.000000 -0.056148
19.100000 -0.056148
19.200000 -0.056148
19.300000 -0.056149
19.400000 -0.056149
19.500000 -0.056149
19.600000 -0.056149
19.700000 -0.056150
19.800000 -0.056150
19.900000 -0.056150
20.000000 -0.056150
20.100000 -0.056150
20.200000 -0.056151
20.300000 -0.056151
20.400000 -0.056151
20.500000 -0.056151
20.600000 -0.056151
20.700000 -0.056152
20.800000 -0.056152
20.900000 -0.056152
21.000000 -0.056152
21.100000 -0.056152
21.200000 -0.056152
21.300000 -0.056153
21.400000 -0.056153
21.500000 -0.056153
21.600000 -0.056153
21.700000 -0.056153
21.800000 -0.056153
21.900000 -0.056153
22.000000 -0.056154
22.100000 -0.056154
22.200000 -0.056154
22.300000 -0.056154
22.400000 -0.056154
22.500000 -0.056154
22.600000 -0.056154
22.700000 -0.056154
22.800000 -0.056154
22.900000 -0.056155
23.000000 -0.056155
23.100000 -0.056155
23.200000 -0.056155
23.300000 -0.056155
23.400000 -0.056155
23.500000 -0.056155
23.600000 -0.056155
23.700000 -0.056155
23.800000 -0.056155
23.900000 -0.056155
24.000000 -0.056155
24.100000 -0.056156
24.200000 -0.056156
24.300000 -0.056156
24.400000 -0.056156
24.500000 -0.056156
24.600000 -0.056156
24.700000 -0.056156
24.800000 -0.056156
24.900000 -0.056156
25.000000 -0.056156
25.100000 -0.056156
25.200000 -0.056156
25.300000 -0.056156
25.400000 -0.056156
25.500000 -0.056156
25.600000 -0.056156
25.700000 -0.056156
25.800000 -0.056156
25.900000 -0.056156
26.000000 -0.056156
26.100000 -0.056156
26.200000 -0.056156
26.300000 -0.056157
26.400000 -0.056157
26.500000 -0.056157
26.600000 -0.056157
26.700000 -0.056157
26.800000 -0.056157
26.900000 -0.056157
27.000000 -0.056157
27.100000 -0.056157
27.200000 -0.056157
27.300000 -0.056157
27.400000 -0.056157
27.500000 -0.056157
27.600000 -0.056157
27.700000 -0.056157
27.800000 -0.056157
27.900000 -0.056157
28.000000 -0.056157
28.100000 -0.056157
28.200000 -0.056157
28.300000 -0.056157
28.400000 -0.056157
28.500000 -0.056157
28.600000 -0.056157
28.700000 -0.056157
28.800000 -0.056157
28.900000 -0.056157
29.000000 -0.056157
29.100000 -0.056157
29.200000 -0.056157
29.300000 -0.056157
29.400000 -0.056157
29.500000 -0.056157
29.600000 -0.056157
29.700000 -0.056157
29.800000 -0.056157
29.900000 -0.056157
30.000000 -0.056157
30.100000 -0.056157
30.200000 -0.056156
30.300000 -0.056156
30.400000 -0.056156
30.500000 -0.056156
30.600000 -0.056156
30.700000 -0.056156
30.800000 -0.056156
30.900000 -0.056156
31.000000 -0.056156
31.100000 -0.056156
31.200000 -0.056156
31.300000 -0.056156
31.400000 -0.056156
31.500000 -0.056156
31.600000 -0.056156
31.700000 -0.056156
31.800000 -0.056156
31.900000 -0.056156
32.000000 -0.056156
32.100000 -0.056156
32.200000 -0.056156
32.300000 -0.056156
32.400000 -0.056156
32.500000 -0.056156
32.600000 -0.056156
32.700000 -0.056156
32.800000 -0.056156
32.900000 -0.056156
33.000000 -0.056156
33.100000 -0.056156
33.200000 -0.056156
33.300000 -0.056156
33.400000 -0.056155
33.500000 -0.056155
33.600000 -0.056155
33.700000 -0.056155
33.800000 -0.056155
33.900000 -0.056155
34.000000 -0.056155
34.100000 -0.056155
34.200000 -0.056155
34.300000 -0.056155
34.400000 -0.056155
34.500000 -0.056155
34.600000 -0.056155
34.700000 -0.056155
34.800000 -0.056155
34.900000 -0.056155
35.000000 -0.056155
35.100000 -0.056155
35.200000 -0.056155
35.300000 -0.056155
35.400000 -0.056155
35.500000 -0.056155
35.600000 -0.056155
35.700000 -0.056154
35.800000 -0.056154
35.900000 -0.056154
36.000000 -0.056154
36.100000 -0.056154
36.200000 -0.056154
36.300000 -0.056154
36.400000 -0.056154
36.500000 -0.056154
36.600000 -0.056154
36.700000 -0.056154
36.800000 -0.056154
36.900000 -0.056154
37.000000 -0.056154
37.100000 -0.056154
37.200000 -0.056154
37.300000 -0.056154
37.400000 -0.056154
37.500000 -0.056154
37.600000 -0.056153
37.700000 -0.056153
37.800000 -0.056153
37.900000 -0.056153
38.000000 -0.056153
38.100000 -0.056153
38.200000 -0.056153
38.300000 -0.056153
38.400000 -0.056153
38.500000 -0.056153
38.600000 -0.056153
38.700000 -0.056153
38.800000 -0.056153
38.900000 -0.056153
39.000000 -0.056153
39.100000 -0.056153
39.200000 -0.056153
39.300000 -0.056153
39.400000 -0.056152
39.500000 -0.056152
39.600000 -0.056152
39.700000 -0.056152
39.800000 -0.056152
39.900000 -0.056152
40.000000 -0.056152
40.100000 -0.056152
40.200000 -0.056152
40.300000 -0.056152
40.400000 -0.056152
40.500000 -0.056152
40.600000 -0.056152
40.700000 -0.056152
40.800000 -0.056152
40.900000 -0.056152
41.000000 -0.056152
41.100000 -0.056151
41.200000 -0.056151
41.300000 -0.056151
41.400000 -0.056151
41.500000 -0.056151
41.600000 -0.056151
41.700000 -0.056151
41.800000 -0.056151
41.900000 -0.056151
42.000000 -0.056151
42.100000 -0.056151
42.200000 -0.056151
42.300000 -0.056151
42.400000 -0.056151
42.500000 -0.056151
42.600000 -0.056151
42.700000 -0.056150
42.800000 -0.056150
42.900000 -0.056150
43.000000 -0.056150
43.100000 -0.056150
43.200000 -0.056150
43.300000 -0.056150
43.400000 -0.056150
43.500000 -0.056150
43.600000 -0.056150
43.700000 -0.056150
43.800000 -0.056150
43.900000 -0.056150
44.000000 -0.056150
44.100000 -0.056150
44.200000 -0.056150
44.300000 -0.056149
44.400000 -0.056149
44.500000 -0.056149
44.600000 -0.056149
44.700000 -0.056149
44.800000 -0.056149
44.900000 -0.056149
45.000000 -0.056149
45.100000 -0.056149
45.200000 -0.056149
45.300000 -0.056149
45.400000 -0.056149
45.500000 -0.056149
45.600000 -0.056149
45.700000 -0.056149
45.800000 -0.056148
45.900000 -0.056148
46.000000 -0.056148
46.100000 -0.056148
46.200000 -0.056148
46.300000 -0.056148
46.400000 -0.056148
46.500000 -0.056148
46.600000 -0.056148
46.700000 -0.056148
46.800000 -0.056148
46.900000 -0.056148
47.000000 -0.056148
47.100000 -0.056148
47.200000 -0.056148
47.300000 -0.056147
47.400000 -0.056147
47.500000 -0.056147
47.600000 -0.056147
47.700000 -0.056147
47.800000 -0.056147
47.900000 -0.056147
48.000000 -0.056147
48.100000 -0.056147
48.200000 -0.056147
48.300000 -0.056147
48.400000 -0.056147
48.500000 -0.056147
48.600000 -0.056147
48.700000 -0.056147
48.800000 -0.056147
48.900000 -0.056146
49.000000 -0.056146
49.100000 -0.056146
49.200000 -0.056146
49.300000 -0.056146
49.400000 -0.056146
49.500000 -0.056146
49.600000 -0.056146
49.700000 -0.056146
49.800000 -0.056146
49.900000 -0.056146
50.000000 -0.056146
50.100000 -0.056146
50.200000 -0.056146
50.300000 -0.056146
50.400000 -0.056145
50.500000 -0.056145
50.600000 -0.056145
50.700000 -0.056145
50.800000 -0.056145
50.900000 -0.056145
51.000000 -0.056145
51.100000 -0.056145
51.200000 -0.056145
51.300000 -0.056145
51.400000 -0.056145
51.500000 -0.056145
51.600000 -0.056145
51.700000 -0.056145
51.800000 -0.056145
51.900000 -0.056144
52.000000 -0.056144
52.100000 -0.056144
52.200000 -0.056144
52.300000 -0.056144
52.400000 -0.056144
52.500000 -0.056144
52.600000 -0.056144
52.700000 -0.056144
52.800000 -0.056144
52.900000 -0.056144
53.000000 -0.056144
53.100000 -0.056144
53.200000 -0.056144
53.300000 -0.056144
53.400000 -0.056143
53.500000 -0.056143
53.600000 -0.056143
53.700000 -0.056143
53.800000 -0.056143
53.900000 -0.056143
54.000000 -0.056143
54.100000 -0.056143
54.200000 -0.056143
54.300000 -0.056143
54.400000 -0.056143
54.500000 -0.056143
54.600000 -0.056143
54.700000 -0.056143
54.800000 -0.056143
54.900000 -0.056142
55.000000 -0.056142
55.100000 -0.056142
55.200000 -0.056142
55.300000 -0.056142
55.400000 -0.056142
55.500000 -0.056142
55.600000 -0.056142
55.700000 -0.056142
55.800000 -0.056142
55.900000 -0.056142
56.000000 -0.056142
56.100000 -0.056142
56.200000 -0.056142
56.300000 -0.056142
56.400000 -0.056141
56.500000 -0.056141
56.600000 -0.056141
56.700000 -0.056141
56.800000 -0.056141
56.900000 -0.056141
57.000000 -0.056141
57.100000 -0.056141
57.200000 -0.056141
57.300000 -0.056141
57.400000 -0.056141
57.500000 -0.056141
57.600000 -0.056141
57.700000 -0.056141
57.800000 -0.056141
57.900000 -0.056140
58.000000 -0.056140
58.100000 -0.056140
58.200000 -0.056140
58.300000 -0.056140
58.400000 -0.056140
58.500000 -0.056140
58.600000 -0.056140
58.700000 -0.056140
58.800000 -0.056140
58.900000 -0.056140
59.000000 -0.056140
59.100000 -0.056140
59.200000 -0.056140
59.300000 -0.056140
59.400000 -0.056139
59.500000 -0.056139
59.600000 -0.056139
59.700000 -0.056139
59.800000 -0.056139
59.900000 -0.056139
60.000000 -0.056139
60.100000 -0.056139
60.200000 -0.056139
60.300000 -0.056139
60.400000 -0.056139
60.500000 -0.056139
60.600000 -0.056139
60.700000 -0.056139
60.800000 -0.056139
60.900000 -0.056138
61.000000 -0.056138
61.100000 -0.056138
61.200000 -0.056138
61.300000 -0.056138
61.400000 -0.056138
61.500000 -0.056138
61.600000 -0.056138
61.700000 -0.056138
61.800000 -0.056138
61.900000 -0.056138
62.000000 -0.056138
62.100000 -0.056138
62.200000 -0.056138
62.300000 -0.056138
62.400000 -0.056137
62.500000 -0.056137
62.600000 -0.056137
62.700000 -0.056137
62.800000 -0.056137
62.900000 -0.056137
63.000000 -0.056137
63.100000 -0.056137
63.200000 -0.056137
63.300000 -0.056137
63.400000 -0.056137
63.500000 -0.056137
63.600000 -0.056137
63.700000 -0.056137
63.800000 -0.056137
63.900000 -0.056136
64.000000 -0.056136
64.100000 -0.056136
64.200000 -0.056136
64.300000 -0.056136
64.400000 -0.056136
64.500000 -0.056136
64.600000 -0.056136
64.700000 -0.056136
64.800000 -0.056136
64.900000 -0.056136
65.000000 -0.056136
65.100000 -0.056136
65.200000 -0.056136
65.300000 -0.056136
65.400000 -0.056135
65.500000 -0.056135
65.600000 -0.056135
65.700000 -0.056135
65.800000 -0.056135
65.900000 -0.056135
66.000000 -0.056135
66.100000 -0.056135
66.200000 -0.056135
66.300000 -0.056135
66.400000 -0.056135
66.500000 -0.056135
66.600000 -0.056135
66.700000 -0.056135
66.800000 -0.056135
66.900000 -0.056135
67.000000 -0.056134
67.100000 -0.056134
67.200000 -0.056134
67.300000 -0.056134
67.400000 -0.056134
67.500000 -0.056134
67.600000 -0.056134
67.700000 -0.056134
67.800000 -0.056134
67.900000 -0.056134
68.000000 -0.056134
68.100000 -0.056134
68.200000 -0.056134
68.300000 -0.056134
68.400000 -0.056134
68.500000 -0.056133
68.600000 -0.056133
68.700000 -0.056133
68.800000 -0.056133
68.900000 -0.056133
69.000000 -0.056133
69.100000 -0.056133
69.200000 -0.056133
69.300000 -0.056133
69.400000 -0.056133
69.500000 -0.056133
69.600000 -0.056133
69.700000 -0.056133
69.800000 -0.056133
69.900000 -0.056133
70.000000 -0.056132
70.100000 -0.056132
70.200000 -0.056132
70.300000 -0.056132
70.400000 -0.056132
70.500000 -0.056132
70.600000 -0.056132
70.700000 -0.056132
70.800000 -0.056132
70.900000 -0.056132
71.000000 -0.056132
71.100000 -0.056132
71.200000 -0.056132
71.300000 -0.056132
71.400000 -0.056132
71.500000 -0.056131
71.600000 -0.056131
71.700000 -0.056131
71.800000 -0.056131
71.900000 -0.056131
72.000000 -0.056131
72.100000 -0.056131
72.200000 -0.056131
72.300000 -0.056131
72.400000 -0.056131
72.500000 -0.056131
72.600000 -0.056131
72.700000 -0.056131
72.800000 -0.056131
72.900000 -0.056131
73.000000 -0.056131
73.100000 -0.056130
73.200000 -0.056130
73.300000 -0.056130
73.400000 -0.056130
73.500000 -0.056130
73.600000 -0.056130
73.700000 -0.056130
73.800000 -0.056130
73.900000 -0.056130
74.000000 -0.056130
74.100000 -0.056130
74.200000 -0.056130
74.300000 -0.056130
74.400000 -0.056130
74.500000 -0.056130
74.600000 -0.056129
74.700000 -0.056129
74.800000 -0.056129
74.900000 -0.056129
75.000000 -0.056129
75.100000 -0.056129
75.200000 -0.056129
75.300000 -0.056129
75.400000 -0.056129
75.500000 -0.056129
75.600000 -0.056129
75.700000 -0.056129
75.800000 -0.056129
75.900000 -0.056129
76.000000 -0.056129
76.100000 -0.056129
76.200000 -0.056128
76.300000 -0.056128
76.400000 -0.056128
76.500000 -0.056128
76.600000 -0.056128
76.700000 -0.056128
76.800000 -0.056128
76.900000 -0.056128
77.000000 -0.056128
77.100000 -0.056128
77.200000 -0.056128
77.300000 -0.056128
77.400000 -0.056128
77.500000 -0.056128
77.600000 -0.056128
77.700000 -0.056127
77.800000 -0.056127
77.900000 -0.056127
78.000000 -0.056127
78.100000 -0.056127
78.200000 -0.056127
78.300000 -0.056127
78.400000 -0.056127
78.500000 -0.056127
78.600000 -0.056127
78.700000 -0.056127
78.800000 -0.056127
78.900000 -0.056127
79.000000 -0.056127
79.100000 -0.056127
79.200000 -0.056127
79.300000 -0.056126
79.400000 -0.056126
79.500000 -0.056126
79.600000 -0.056126
79.700000 -0.056126
79.800000 -0.056126
79.900000 -0.056126
80.000000 -0.056126
80.100000 -0.056126
80.200000 -0.056126
80.300000 -0.056126
80.400000 -0.056126
80.500000 -0.056126
80.600000 -0.056126
80.700000 -0.056126
80.800000 -0.056125
80.900000 -0.056125
81.000000 -0.056125
81.100000 -0.056125
81.200000 -0.056125
81.300000 -0.056125
81.400000 -0.056125
81.500000 -0.056125
81.600000 -0.056125
81.700000 -0.056125
81.800000 -0.056125
81.900000 -0.056125
82.000000 -0.056125
82.100000 -0.056125
82.200000 -0.056125
82.300000 -0.056125
82.400000 -0.056124
82.500000 -0.056124
82.600000 -0.056124
82.700000 -0.056124
82.800000 -0.056124
82.900000 -0.056124
83.000000 -0.056124
83.100000 -0.056124
83.200000 -0.056124
83.300000 -0.056124
83.400000 -0.056124
83.500000 -0.056124
83.600000 -0.056124
83.700000 -0.056124
83.800000 -0.056124
83.900000 -0.056123
84.000000 -0.056123
84.100000 -0.056123
84.200000 -0.056123
84.300000 -0.056123
84.400000 -0.056123
84.500000 -0.056123
84.600000 -0.056123
84.700000 -0.056123
84.800000 -0.056123
84.900000 -0.056123
85.000000 -0.056123
85.100000 -0.056123
85.200000 -0.056123
85.300000 -0.056123
85.400000 -0.056123
85.500000 -0.056122
85.600000 -0.056122
85.700000 -0.056122
85.800000 -0.056122
85.900000 -0.056122
86.000000 -0.056122
86.100000 -0.056122
86.200000 -0.056122
86.300000 -0.056122
86.400000 -0.056122
86.500000 -0.056122
86.600000 -0.056122
86.700000 -0.056122
86.800000 -0.056122
86.900000 -0.056122
87.000000 -0.056121
87.100000 -0.056121
87.200000 -0.056121
87.300000 -0.056121
87.400000 -0.056121
87.500000 -0.056121
87.600000 -0.056121
87.700000 -0.056121
87.800000 -0.056121
87.900000 -0.056121
88.000000 -0.056121
88.100000 -0.056121
88.200000 -0.056121
88.300000 -0.056121
88.400000 -0.056121
88.500000 -0.056120
88.600000 -0.056120
88.700000 -0.056120
88.800000 -0.056120
88.900000 -0.056120
89.000000 -0.056120
89.100000 -0.056120
89.200000 -0.056120
89.300000 -0.056120
89.400000 -0.056120
89.500000 -0.056120
89.600000 -0.056120
89.700000 -0.056120
89.800000 -0.056120
89.900000 -0.056120
90.000000 -0.056120
90.100000 -0.056119
90.200000 -0.056119
90.300000 -0.056119
90.400000 -0.056119
90.500000 -0.056119
90.600000 -0.056119
90.700000 -0.056119
90.800000 -0.056119
90.900000 -0.056119
91.000000 -0.056119
91.100000 -0.056119
91.200000 -0.056119
91.300000 -0.056119
91.400000 -0.056119
91.500000 -0.056119
91.600000 -0.056118
91.700000 -0.056118
91.800000 -0.056118
91.900000 -0.056118
92.000000 -0.056118
92.100000 -0.056118
92.200000 -0.056118
92.300000 -0.056118
92.400000 -0.056118
92.500000 -0.056118
92.600000 -0.056118
92.700000 -0.056118
92.800000 -0.056118
92.900000 -0.056118
93.000000 -0.056118
93.100000 -0.056118
93.200000 -0.056117
93.300000 -0.056117
93.400000 -0.056117
93.500000 -0.056117
93.600000 -0.056117
93.700000 -0.056117
93.800000 -0.056117
93.900000 -0.056117
94.000000 -0.056117
94.100000 -0.056117
94.200000 -0.056117
94.300000 -0.056117
94.400000 -0.056117
94.500000 -0.056117
94.600000 -0.056117
94.700000 -0.056116
94.800000 -0.056116
94.900000 -0.056116
95.000000 -0.056116
95.100000 -0.056116
95.200000 -0.056116
95.300000 -0.056116
95.400000 -0.056116
95.500000 -0.056116
95.600000 -0.056116
95.700000 -0.056116
95.800000 -0.056116
95.900000 -0.056116
96.000000 -0.056116
96.100000 -0.056116
96.200000 -0.056116
96.300000 -0.056115
96.400000 -0.056115
96.500000 -0.056115
96.600000 -0.056115
96.700000 -0.056115
96.800000 -0.056115
96.900000 -0.056115
97.000000 -0.056115
97.100000 -0.056115
97.200000 -0.056115
97.300000 -0.056115
97.400000 -0.056115
97.500000 -0.056115
97.600000 -0.056115
97.700000 -0.056115
97.800000 -0.056114
97.900000 -0.056114
98.000000 -0.056114
98.100000 -0.056114
98.200000 -0.056114
98.300000 -0.056114
98.400000 -0.056114
98.500000 -0.056114
98.600000 -0.056114
98.700000 -0.056114
98.800000 -0.056114
98.900000 -0.056114
99.000000 -0.056114
99.100000 -0.056114
99.200000 -0.056114
99.300000 -0.056113
99.400000 -0.056113
99.500000 -0.056113
99.600000 -0.056113
99.700000 -0.056113
99.800000 -0.056113
99.900000 -0.056113
100.000000 -0.056113
100.100000 -0.056113
100.200000 -0.056113
100.300000 -0.056113
100.400000 -0.056113
100.500000 -0.056113
100.600000 -0.056113
100.700000 -0.056113
100.800000 -0.056112
100.900000 -0.056112
101.000000 -0.056112
101.100000 -0.056112
101.200000 -0.056112
101.300000 -0.056112
101.400000 -0.056112
101.500000 -0.056112
101.600000 -0.056112
101.700000 -0.056112
101.800000 -0.056112
101.900000 -0.056112
102.000000 -0.056112
102.100000 -0.056112
102.200000 -0.056112
102.300000 -0.056112
102.400000 -0.056111
102.500000 -0.056111
102.600000 -0.056111
102.700000 -0.056111
102.800000 -0.056111
102.900000 -0.056111
103.000000 -0.056111
103.100000 -0.056111
103.200000 -0.056111
103.300000 -0.056111
103.400000 -0.056111
103.500000 -0.056111
103.600000 -0.056111
103.700000 -0.056111
103.800000 -0.056111
103.900000 -0.056110
104.000000 -0.056110
104.100000 -0.056110
104.200000 -0.056110
104.300000 -0.056110
104.400000 -0.056110
104.500000 -0.056110
104.600000 -0.056110
104.700000 -0.056110
104.800000 -0.056110
104.900000 -0.056110
105.000000 -0.056110
105.100000 -0.056110
105.200000 -0.056110
105.300000 -0.056110
105.400000 -0.056109
105.500000 -0.056109
105.600000 -0.056109
105.700000 -0.056109
105.800000 -0.056109
105.900000 -0.056109
106.000000 -0.056109
106.100000 -0.056109
106.200000 -0.056109
106.300000 -0.056109
106.400000 -0.056109
106.500000 -0.056109
106.600000 -0.056109
106.700000 -0.056109
106.800000 -0.056109
106.900000 -0.056108
107.000000 -0.056108
107.100000 -0.056108
107.200000 -0.056108
107.300000 -0.056108
107.400000 -0.056108
107.500000 -0.056108
107.600000 -0.056108
107.700000 -0.056108
107.800000 -0.056108
107.900000 -0.056108
108.000000 -0.056108
108.100000 -0.056108
108.200000 -0.056108
108.300000 -0.056108
108.400000 -0.056107
108.500000 -0.056107
108.600000 -0.056107
108.700000 -0.056107
108.800000 -0.056107
108.900000 -0.056107
109.000000 -0.056107
109.100000 -0.056107
109.200000 -0.056107
109.300000 -0.056107
109.400000 -0.056107
109.500000 -0.056107
109.600000 -0.056107
109.700000 -0.056107
109.800000 -0.056107
109.900000 -0.056106
110.000000 -0.056106
110.100000 -0.056106
110.200000 -0.056106
110.300000 -0.056106
110.400000 -0.056106
110.500000 -0.056106
110.600000 -0.056106
110.700000 -0.056106
110.800000 -0.056106
110.900000 -0.056106
111.000000 -0.056106
111.100000 -0.056106
111.200000 -0.056106
111.300000 -0.056106
111.400000 -0.056105
111.500000 -0.056105
111.600000 -0.056105
111.700000 -0.056105
111.800000 -0.056105
111.900000 -0.056105
112.000000 -0.056105
112.100000 -0.056105
112.200000 -0.056105
112.300000 -0.056105
112.400000 -0.056105
112.500000 -0.056105
112.600000 -0.056105
112.700000 -0.056105
112.800000 -0.056105
112.900000 -0.056104
113.000000 -0.056104
113.100000 -0.056104
113.200000 -0.056104
113.300000 -0.056104
113.400000 -0.056104
113.500000 -0.056104
113.600000 -0.056104
113.700000 -0.056104
113.800000 -0.056104
113.900000 -0.056104
114.000000 -0.056104
114.100000 -0.056104
114.200000 -0.056104
114.300000 -0.056104
114.400000 -0.056103
114.500000 -0.056103
114.600000 -0.056103
114.700000 -0.056103
114.800000 -0.056103
114.900000 -0.056103
115.000000 -0.056103
115.100000 -0.056103
115.200000 -0.056103
115.300000 -0.056103
115.400000 -0.056103
115.500000 -0.056103
115.600000 -0.056103
115.700000 -0.056103
115.800000 -0.056103
115.900000 -0.056102
116.000000 -0.056102
116.100000 -0.056102
116.200000 -0.056102
116.300000 -0.056102
116.400000 -0.056102
116.500000 -0.056102
116.600000 -0.056102
116.700000 -0.056102
116.800000 -0.056102
116.900000 -0.056102
117.000000 -0.056102
117.100000 -0.056102
117.200000 -0.056102
117.300000 -0.056102
117.400000 -0.056101
117.500000 -0.056101
117.600000 -0.056101
117.700000 -0.056101
117.800000 -0.056101
117.900000 -0.056101
118.000000 -0.056101
118.100000 -0.056101
118.200000 -0.056101
118.300000 -0.056101
118.400000 -0.056101
118.500000 -0.056101
118.600000 -0.056101
118.700000 -0.056101
118.800000 -0.056101
118.900000 -0.056101
119.000000 -0.056100
119.100000 -0.056100
119.200000 -0.056100
119.300000 -0.056100
119.400000 -0.056100
119.500000 -0.056100
119.600000 -0.056100
119.700000 -0.056100
119.800000 -0.056100
119.900000 -0.056100
120.000000 -0.056100
120.100000 -0.056100
120.200000 -0.056100
120.300000 -0.056100
120.400000 -0.056100
120.500000 -0.056099
120.600000 -0.056099
120.700000 -0.056099
120.800000 -0.056099
120.900000 -0.056099
121.000000 -0.056099
121.100000 -0.056099
121.200000 -0.056099
121.300000 -0.056099
121.400000 -0.056099
121.500000 -0.056099
121.600000 -0.056099
121.700000 -0.056099
121.800000 -0.056099
121.900000 -0.056099
122.000000 -0.056098
122.100000 -0.056098
122.200000 -0.056098
122.300000 -0.056098
122.400000 -0.056098
122.500000 -0.056098
122.600000 -0.056098
122.700000 -0.056098
122.800000 -0.056098
122.900000 -0.056098
123.000000 -0.056098
123.100000 -0.056098
123.200000 -0.056098
123.300000 -0.056098
123.400000 -0.056098
123.500000 -0.056098
123.600000 -0.056097
123.700000 -0.056097
123.800000 -0.056097
123.900000 -0.056097
124.000000 -0.056097
124.100000 -0.056097
124.200000 -0.056097
124.300000 -0.056097
124.400000 -0.056097
124.500000 -0.056097
124.600000 -0.056097
124.700000 -0.056097
124.800000 -0.056097
124.900000 -0.056097
125.000000 -0.056097
125.100000 -0.056097
125.200000 -0.056096
125.300000 -0.056096
125.400000 -0.056096
125.500000 -0.056096
125.600000 -0.056096
125.700000 -0.056096
125.800000 -0.056096
125.900000 -0.056096
126.000000 -0.056096
126.100000 -0.056096
126.200000 -0.056096
126.300000 -0.056096
126.400000 -0.056096
126.500000 -0.056096
126.600000 -0.056096
126.700000 -0.056096
126.800000 -0.056096
126.900000 -0.056095
127.000000 -0.056095
127.100000 -0.056095
127.200000 -0.056095
127.300000 -0.056095
127.400000 -0.056095
127.500000 -0.056095
127.600000 -0.056095
127.700000 -0.056095
127.800000 -0.056095
127.900000 -0.056095
128.000000 -0.056095
128.100000 -0.056095
128.200000 -0.056095
128.300000 -0.056095
128.400000 -0.056095
128.500000 -0.056095
128.600000 -0.056094
128.700000 -0.056094
128.800000 -0.056094
128.900000 -0.056094
129.000000 -0.056094
129.100000 -0.056094
129.200000 -0.056094
129.300000 -0.056094
129.400000 -0.056094
129.500000 -0.056094
129.600000 -0.056094
129.700000 -0.056094
129.800000 -0.056094
129.900000 -0.056094
130.000000 -0.056094
130.100000 -0.056094
130.200000 -0.056094
130.300000 -0.056094
130.400000 -0.056094
130.500000 -0.056093
130.600000 -0.056093
130.700000 -0.056093
130.800000 -0.056093
130.900000 -0.056093
131.000000 -0.056093
131.100000 -0.056093
131.200000 -0.056093
131.300000 -0.056093
131.400000 -0.056093
131.500000 -0.056093
131.600000 -0.056093
131.700000 -0.056093
131.800000 -0.056093
131.900000 -0.056093
132.000000 -0.056093
132.100000 -0.056093
132.200000 -0.056093
132.300000 -0.056093
132.400000 -0.056093
132.500000 -0.056092
132.600000 -0.056092
132.700000 -0.056092
132.800000 -0.056092
132.900000 -0.056092
133.000000 -0.056092
133.100000 -0.056092
133.200000 -0.056092
133.300000 -0.056092
133.400000 -0.056092
133.500000 -0.056092
133.600000 -0.056092
133.700000 -0.056092
133.800000 -0.056092
133.900000 -0.056092
134.000000 -0.056092
134.100000 -0.056092
134.200000 -0.056092
134.300000 -0.056092
134.400000 -0.056092
134.500000 -0.056092
134.600000 -0.056092
134.700000 -0.056092
134.800000 -0.056092
134.900000 -0.056092
135.000000 -0.056092
135.100000 -0.056091
135.200000 -0.056091
135.300000 -0.056091
135.400000 -0.056091
135.500000 -0.056091
135.600000 -0.056091
135.700000 -0.056091
135.800000 -0.056091
135.900000 -0.056091
136.000000 -0.056091
136.100000 -0.056091
136.200000 -0.056091
136.300000 -0.056091
136.400000 -0.056091
136.500000 -0.056091
136.600000 -0.056091
136.700000 -0.056091
136.800000 -0.056091
136.900000 -0.056091
137.000000 -0.056091
137.100000 -0.056091
137.200000 -0.056091
137.300000 -0.056091
137.400000 -0.056091
137.500000 -0.056091
137.600000 -0.056091
137.700000 -0.056091
137.800000 -0.056091
137.900000 -0.056091
138.000000 -0.056091
138.100000 -0.056091
138.200000 -0.056091
138.300000 -0.056091
138.400000 -0.056091
138.500000 -0.056091
138.600000 -0.056091
138.700000 -0.056091
138.800000 -0.056091
138.900000 -0.056091
139.000000 -0.056091
139.100000 -0.056091
139.200000 -0.056091
139.300000 -0.056091
139.400000 -0.056091
139.500000 -0.056091
139.600000 -0.056091
139.700000 -0.056091
139.800000 -0.056091
139.900000 -0.056091
140.000000 -0.056091
140.100000 -0.056091
140.200000 -0.056091
140.300000 -0.056091
140.400000 -0.056091
140.500000 -0.056091
140.600000 -0.056091
140.700000 -0.056091
140.800000 -0.056091
140.900000 -0.056091
141.000000 -0.056091
141.100000 -0.056091
141.200000 -0.056091
141.300000 -0.056091
141.400000 -0.056091
141.500000 -0.056091
141.600000 -0.056091
141.700000 -0.056091
141.800000 -0.056091
141.900000 -0.056091
142.000000 -0.056091
142.100000 -0.056091
142.200000 -0.056092
142.300000 -0.056092
142.400000 -0.056092
142.500000 -0.056092
142.600000 -0.056092
142.700000 -0.056092
142.800000 -0.056092
142.900000 -0.056092
143.000000 -0.056092
143.100000 -0.056092
143.200000 -0.056092
143.300000 -0.056092
143.400000 -0.056092
143.500000 -0.056092
143.600000 -0.056092
143.700000 -0.056092
143.800000 -0.056093
143.900000 -0.056093
144.000000 -0.056093
144.100000 -0.056093
144.200000 -0.056093
144.300000 -0.056093
144.400000 -0.056093
144.500000 -0.056093
144.600000 -0.056093
144.700000 -0.056093
144.800000 -0.056094
144.900000 -0.056094
145.000000 -0.056094
145.100000 -0.056094
145.200000 -0.056094
145.300000 -0.056094
145.400000 -0.056094
145.500000 -0.056095
145.600000 -0.056095
145.700000 -0.056095
145.800000 -0.056095
145.900000 -0.056095
146.000000 -0.056095
146.100000 -0.056095
146.200000 -0.056096
146.300000 -0.056096
146.400000 -0.056096
146.500000 -0.056096
146.600000 -0.056096
146.700000 -0.056097
146.800000 -0.056097
146.900000 -0.056097
147.000000 -0.056097
147.100000 -0.056097
147.200000 -0.056098
147.300000 -0.056098
147.400000 -0.056098
147.500000 -0.056098
147.600000 -0.056098
147.700000 -0.056099
147.800000 -0.056099
147.900000 -0.056099
148.000000 -0.056100
148.100000 -0.056100
148.200000 -0.056100
148.300000 -0.056100
148.400000 -0.056101
148.500000 -0.056101
148.600000 -0.056101
148.700000 -0.056102
148.800000 -0.056102
148.900000 -0.056102
149.000000 -0.056103
149.100000 -0.056103
149.200000 -0.056103
149.300000 -0.056104
149.400000 -0.056104
149.500000 -0.056104
149.600000 -0.056105
149.700000 -0.056105
149.800000 -0.056106
149.900000 -0.056106
150.000000 -0.056106
150.100000 -0.056107
150.200000 -0.056107
150.300000 -0.056108
150.400000 -0.056108
150.500000 -0.056109
150.600000 -0.056109
150.700000 -0.056110
150.800000 -0.056110
150.900000 -0.056111
151.000000 -0.056111
151.100000 -0.056112
151.200000 -0.056112
151.300000 -0.056113
151.400000 -0.056114
151.500000 -0.056114
151.600000 -0.056115
151.700000 -0.056116
151.800000 -0.056116
151.900000 -0.056117
152.000000 -0.056118
152.100000 -0.056118
152.200000 -0.056119
152.300000 -0.056120
152.400000 -0.056121
152.500000 -0.056121
152.600000 -0.056122
152.700000 -0.056123
152.800000 -0.056124
152.900000 -0.056125
153.000000 -0.056126
153.100000 -0.056127
153.200000 -0.056127
153.300000 -0.056128
153.400000 -0.056129
153.500000 -0.056130
153.600000 -0.056132
153.700000 -0.056133
153.800000 -0.056134
153.900000 -0.056135
154.000000 -0.056136
154.100000 -0.056137
154.200000 -0.056138
154.300000 -0.056140
154.400000 -0.056141
154.500000 -0.056142
154.600000 -0.056144
154.700000 -0.056145
154.800000 -0.056146
154.900000 -0.056148
155.000000 -0.056149
155.100000 -0.056151
155.200000 -0.056153
155.300000 -0.056154
155.400000 -0.056156
155.500000 -0.056158
155.600000 -0.056159
155.700000 -0.056161
155.800000 -0.056163
155.900000 -0.056165
156.000000 -0.056167
156.100000 -0.056169
156.200000 -0.056171
156.300000 -0.056174
156.400000 -0.056176
156.500000 -0.056178
156.600000 -0.056180
156.700000 -0.056183
156.800000 -0.056186
156.900000 -0.056188
157.000000 -0.056191
157.100000 -0.056194
157.200000 -0.056196
157.300000 -0.056199
157.400000 -0.056203
157.500000 -0.056206
157.600000 -0.056209
157.700000 -0.056212
157.800000 -0.056216
157.900000 -0.056219
158.000000 -0.056223
158.100000 -0.056227
158.200000 -0.056231
158.300000 -0.056235
158.400000 -0.056239
158.500000 -0.056244
158.600000 -0.056248
158.700000 -0.056253
158.800000 -0.056258
158.900000 -0.056263
159.000000 -0.056268
159.100000 -0.056274
159.200000 -0.056279
159.300000 -0.056285
159.400000 -0.056291
159.500000 -0.056298
159.600000 -0.056304
159.700000 -0.056311
159.800000 -0.056318
159.900000 -0.056326
160.000000 -0.056333
160.100000 -0.056341
160.200000 -0.056350
160.300000 -0.056358
160.400000 -0.056367
160.500000 -0.056377
160.600000 -0.056387
160.700000 -0.056397
160.800000 -0.056408
160.900000 -0.056419
161.000000 -0.056430
161.100000 -0.056443
161.200000 -0.056455
161.300000 -0.056469
161.400000 -0.056483
161.500000 -0.056497
161.600000 -0.056513
161.700000 -0.056529
161.800000 -0.056546
161.900000 -0.056564
162.000000 -0.056582
162.100000 -0.056602
162.200000 -0.056623
162.300000 -0.056644
162.400000 -0.056667
162.500000 -0.056691
162.600000 -0.056717
162.700000 -0.056744
162.800000 -0.056772
162.900000 -0.056802
163.000000 -0.056834
163.100000 -0.056867
163.200000 -0.056903
163.300000 -0.056940
163.400000 -0.056980
163.500000 -0.057022
163.600000 -0.057067
163.700000 -0.057114
163.800000 -0.057164
163.900000 -0.057217
164.000000 -0.057273
164.100000 -0.057333
164.200000 -0.057395
164.300000 -0.057461
164.400000 -0.057531
164.500000 -0.057603
164.600000 -0.057679
164.700000 -0.057757
164.800000 -0.057837
164.900000 -0.057918
165.000000 -0.057998
165.100000 -0.058075
165.200000 -0.058144
165.300000 -0.058202
165.400000 -0.058240
165.500000 -0.058249
165.600000 -0.058212
165.700000 -0.058108
165.800000 -0.057906
165.900000 -0.057561
166.000000 -0.057008
166.100000 -0.056154
166.200000 -0.054867
166.300000 -0.052957
166.400000 -0.050163
166.500000 -0.046131
166.600000 -0.040408
166.700000 -0.032458
166.800000 -0.021741
166.900000 -0.007865
167.000000 0.009180
167.100000 0.028801
167.200000 0.049753
167.300000 0.070394
167.400000 0.089158
167.500000 0.104991
167.600000 0.117512
167.700000 0.126897
167.800000 0.133631
167.900000 0.138290
168.000000 0.141412
168.100000 0.143434
168.200000 0.144689
168.300000 0.145421
168.400000 0.145799
168.500000 0.145943
168.600000 0.145934
168.700000 0.145826
168.800000 0.145659
168.900000 0.145457
169.000000 0.145236
169.100000 0.145009
169.200000 0.144782
169.300000 0.144560
169.400000 0.144346
169.500000 0.144141
169.600000 0.143947
169.700000 0.143764
169.800000 0.143591
169.900000 0.143428
170.000000 0.143276
170.100000 0.143133
170.200000 0.142999
170.300000 0.142873
170.400000 0.142755
170.500000 0.142644
170.600000 0.142540
170.700000 0.142443
170.800000 0.142351
170.900000 0.142264
171.000000 0.142183
171.100000 0.142106
171.200000 0.142034
171.300000 0.141966
171.400000 0.141901
171.500000 0.141840
171.600000 0.141783
171.700000 0.141728
171.800000 0.141676
171.900000 0.141627
172.000000 0.141580
172.100000 0.141536
172.200000 0.141493
172.300000 0.141453
172.400000 0.141415
172.500000 0.141378
172.600000 0.141343
172.700000 0.141310
172.800000 0.141278
172.900000 0.141248
173.000000 0.141219
173.100000 0.141191
173.200000 0.141164
173.300000 0.141139
173.400000 0.141114
173.500000 0.141091
173.600000 0.141068
173.700000 0.141046
173.800000 0.141025
173.900000 0.141005
174.000000 0.140986
174.100000 0.140967
174.200000 0.140950
174.300000 0.140932
174.400000 0.140916
174.500000 0.140900
174.600000 0.140884
174.700000 0.140869
174.800000 0.140855
174.900000 0.140841
175.000000 0.140827
175.100000 0.140814
175.200000 0.140801
175.300000 0.140789
175.400000 0.140777
175.500000 0.140766
175.600000 0.140755
175.700000 0.140744
175.800000 0.140734
175.900000 0.140724
176.000000 0.140714
176.100000 0.140704
176.200000 0.140695
176.300000 0.140686
176.400000 0.140677
176.500000 0.140669
176.600000 0.140660
176.700000 0.140652
176.800000 0.140645
176.900000 0.140637
177.000000 0.140630
177.100000 0.140622
177.200000 0.140615
177.300000 0.140609
177.400000 0.140602
177.500000 0.140596
177.600000 0.140589
177.700000 0.140583
177.800000 0.140577
177.900000 0.140571
178.000000 0.140566
178.100000 0.140560
178.200000 0.140555
178.300000 0.140549
178.400000 0.140544
178.500000 0.140539
178.600000 0.140534
178.700000 0.140529
178.800000 0.140525
178.900000 0.140520
179.000000 0.140516
179.100000 0.140511
179.200000 0.140507
179.300000 0.140503
179.400000 0.140499
179.500000 0.140495
179.600000 0.140491
179.700000 0.140487
179.800000 0.140483
179.900000 0.140479
180.000000 0.140476
180.100000 0.140472
180.200000 0.140469
180.300000 0.140465
180.400000 0.140462
180.500000 0.140459
180.600000 0.140455
180.700000 0.140452
180.800000 0.140449
180.900000 0.140446
181.000000 0.140443
181.100000 0.140440
181.200000 0.140438
181.300000 0.140435
181.400000 0.140432
181.500000 0.140429
181.600000 0.140427
181.700000 0.140424
181.800000 0.140422
181.900000 0.140419
182.000000 0.140417
182.100000 0.140414
182.200000 0.140412
182.300000 0.140410
182.400000 0.140407
182.500000 0.140405
182.600000 0.140403
182.700000 0.140401
182.800000 0.140399
182.900000 0.140396
183.000000 0.140394
183.100000 0.140392
183.200000 0.140390
183.300000 0.140388
183.400000 0.140387
183.500000 0.140385
183.600000 0.140383
183.700000 0.140381
183.800000 0.140379
183.900000 0.140377
184.000000 0.140376
184.100000 0.140374
184.200000 0.140372
184.300000 0.140371
184.400000 0.140369
184.500000 0.140367
184.600000 0.140366
184.700000 0.140364
184.800000 0.140363
184.900000 0.140361
185.000000 0.140360
185.100000 0.140358
185.200000 0.140357
185.300000 0.140355
185.400000 0.140354
185.500000 0.140353
185.600000 0.140351
185.700000 0.140350
185.800000 0.140349
185.900000 0.140347
186.000000 0.140346
186.100000 0.140345
186.200000 0.140343
186.300000 0.140342
186.400000 0.140341
186.500000 0.140340
186.600000 0.140339
186.700000 0.140337
186.800000 0.140336
186.900000 0.140335
187.000000 0.140334
187.100000 0.140333
187.200000 0.140332
187.300000 0.140331
187.400000 0.140330
187.500000 0.140329
187.600000 0.140328
187.700000 0.140327
187.800000 0.140326
187.900000 0.140325
188.000000 0.140324
188.100000 0.140323
188.200000 0.140322
188.300000 0.140321
188.400000 0.140320
188.500000 0.140319
188.600000 0.140318
188.700000 0.140317
188.800000 0.140316
188.900000 0.140315
189.000000 0.140315
189.100000 0.140314
189.200000 0.140313
189.300000 0.140312
189.400000 0.140311
189.500000 0.140310
189.600000 0.140310
189.700000 0.140309
189.800000 0.140308
189.900000 0.140307
190.000000 0.140307
190.100000 0.140306
190.200000 0.140305
190.300000 0.140304
190.400000 0.140304
190.500000 0.140303
190.600000 0.140302
190.700000 0.140301
190.800000 0.140301
190.900000 0.140300
191.000000 0.140299
191.100000 0.140299
191.200000 0.140298
191.300000 0.140297
191.400000 0.140297
191.500000 0.140296
191.600000 0.140296
191.700000 0.140295
191.800000 0.140294
191.900000 0.140294
192.000000 0.140293
192.100000 0.140292
192.200000 0.140292
192.300000 0.140291
192.400000 0.140291
192.500000 0.140290
192.600000 0.140290
192.700000 0.140289
192.800000 0.140288
192.900000 0.140288
193.000000 0.140287
193.100000 0.140287
193.200000 0.140286
193.300000 0.140286
193.400000 0.140285
193.500000 0.140285
193.600000 0.140284
193.700000 0.140284
193.800000 0.140283
193.900000 0.140283
194.000000 0.140282
194.100000 0.140282
194.200000 0.140281
194.300000 0.140281
194.400000 0.140280
194.500000 0.140280
194.600000 0.140279
194.700000 0.140279
194.800000 0.140278
194.900000 0.140278
195.000000 0.140278
195.100000 0.140277
195.200000 0.140277
195.300000 0.140276
195.400000 0.140276
195.500000 0.140275
195.600000 0.140275
195.700000 0.140275
195.800000 0.140274
195.900000 0.140274
196.000000 0.140273
196.100000 0.140273
196.200000 0.140273
196.300000 0.140272
196.400000 0.140272
196.500000 0.140271
196.600000 0.140271
196.700000 0.140271
196.800000 0.140270
196.900000 0.140270
197.000000 0.140269
197.100000 0.140269
197.200000 0.140269
197.300000 0.140268
197.400000 0.140268
197.500000 0.140268
197.600000 0.140267
197.700000 0.140267
197.800000 0.140267
197.900000 0.140266
198.000000 0.140266
198.100000 0.140266
198.200000 0.140265
198.300000 0.140265
198.400000 0.140265
198.500000 0.140264
198.600000 0.140264
198.700000 0.140264
198.800000 0.140263
198.900000 0.140263
199.000000 0.140263
199.100000 0.140262
199.200000 0.140262
199.300000 0.140262
199.400000 0.140262
199.500000 0.140261
199.600000 0.140261
199.700000 0.140261
199.800000 0.140260
199.900000 0.140260
